<unk>
<pad>
<s>
</s>
482
492
493
497
494
495
518
490
500
479
491
488
489
485
487
496
486
498
499
515
501
521
502
484
483
519
511
513
512
514
516
520
481
480
508
504
476
510
474
503
507
477
505
475
509
478
506
522
517
523
527
472
473
471
524
525
526
470
469
467
528
468
529
463
464
530
532
531
466
534
533
465
536
535
537
540
538
462
541
539
460
461
542
459
544
543
458
545
546
456
547
455
457
548
454
549
551
452
453
550
451
552
553
555
449
450
554
556
448
447
557
446
559
445
444
558
560
561
563
441
443
442
440
562
569
564
567
570
565
438
437
566
568
436
439
571
574
433
572
432
435
576
434
431
573
428
577
581
575
580
423
427
430
424
429
578
585
426
420
579
419
582
425
584
421
586
587
422
417
416
588
591
583
411
414
590
595
406
415
594
598
412
413
597
602
407
409
410
418
593
596
405
592
589
600
604
403
404
408
392
607
611
388
393
599
387
601
606
613
623
624
364
370
389
395
397
398
399
400
402
610
618
366
372
382
384
386
390
396
401
609
612
621
622
640
654
320
326
329
339
361
368
371
373
380
383
385
394
603
605
608
614
616
617
625
626
627
628
630
632
635
636
637
638
646
649
650
653
661
664
676
693
