<unk>
<pad>
<s>
</s>
482
483
485
515
518
500
487
486
517
488
477
496
484
499
493
498
476
494
490
503
505
495
497
520
491
501
492
480
516
508
519
475
523
474
502
514
489
511
524
506
513
522
481
521
527
510
504
526
479
478
512
507
472
525
473
528
509
471
530
531
470
529
469
532
468
533
534
466
467
536
535
537
465
538
464
541
539
542
462
463
540
543
544
459
545
546
461
548
551
460
553
457
458
547
550
549
456
554
557
552
455
555
558
559
454
556
561
560
453
451
563
452
568
566
564
562
565
567
447
573
450
572
570
441
445
569
571
449
448
444
446
576
440
577
575
442
574
443
578
438
579
436
437
439
580
582
428
583
434
432
433
581
588
430
435
586
584
589
431
585
587
591
427
426
595
592
421
593
596
425
590
420
423
429
597
418
424
594
422
599
417
604
412
414
598
416
409
413
419
602
605
600
606
415
609
407
406
603
601
408
405
610
404
410
411
607
402
614
619
397
608
400
401
403
616
396
398
612
613
399
621
391
395
611
615
617
620
390
623
394
624
392
618
387
393
626
385
636
386
389
622
627
628
379
380
383
388
631
632
634
377
384
625
633
382
635
638
642
637
643
645
376
381
630
641
646
629
639
649
372
647
655
360
365
369
370
378
640
650
653
664
669
672
358
359
366
367
644
657
665
363
368
374
375
654
660
662
347
350
351
355
356
357
361
362
371
651
652
663
308
336
345
353
364
373
648
661
668
676
680
684
688
695
696
328
330
332
335
337
340
346
348
349
352
656
659
666
670
675
677
679
681
682
683
700
703
705
310
312
323
329
331
334
339
341
343
354
658
667
673
678
687
690
691
692
693
698
702
704
707
709
711
716
718
723
729
730
