<unk>
<pad>
<s>
</s>
482
500
464
463
479
490
518
521
515
494
493
480
497
488
472
519
498
492
485
489
495
502
513
487
511
501
474
514
520
481
491
522
499
528
527
503
504
508
486
484
507
512
510
476
505
477
483
509
496
473
478
516
523
471
517
506
475
524
534
470
533
467
526
468
525
469
529
537
466
530
535
465
540
531
536
532
542
538
541
461
539
459
462
544
543
547
460
548
458
456
545
546
453
455
457
454
549
452
551
550
451
552
450
553
570
556
554
560
449
558
446
555
447
557
571
448
567
445
444
559
564
568
561
439
441
442
440
437
563
443
569
566
562
436
582
565
573
574
438
572
429
433
435
575
420
580
431
578
581
428
426
586
576
430
432
422
577
579
427
585
434
423
588
584
424
418
587
597
590
425
419
589
421
415
583
414
416
594
411
591
410
595
417
593
404
602
609
592
412
618
400
406
604
413
599
402
600
596
407
621
598
409
606
403
601
405
603
401
408
605
607
382
392
608
611
388
614
390
393
399
623
387
395
396
398
613
370
397
612
616
617
624
630
620
394
615
364
372
376
386
389
610
367
377
385
619
622
625
629
649
654
351
366
371
379
380
384
626
628
635
640
644
650
653
320
326
329
336
339
356
359
361
368
373
374
381
383
391
627
631
632
636
637
638
639
641
642
643
646
647
652
660
661
663
664
666
670
676
682
693
697
