<unk>
<pad>
<s>
</s>
500
483
496
518
482
485
487
493
515
490
477
503
511
476
498
488
520
517
504
497
513
486
491
506
494
495
519
512
524
516
525
526
523
484
507
522
478
499
481
514
509
479
527
475
521
480
505
508
492
501
510
502
470
528
474
532
489
468
529
530
531
472
534
538
471
537
473
469
535
533
462
536
542
463
550
464
544
465
467
543
545
466
553
541
540
539
546
549
552
547
551
548
460
557
457
554
461
558
450
568
454
564
560
555
565
459
556
567
432
569
559
566
561
562
563
458
570
456
571
455
574
572
451
573
447
452
575
576
578
453
582
577
448
449
581
583
579
442
580
445
586
446
441
444
585
589
584
587
439
437
596
588
436
440
443
592
597
433
438
435
428
591
590
434
595
431
594
427
593
429
430
599
598
604
602
421
425
600
426
601
422
420
603
419
400
417
621
424
605
607
397
606
609
423
612
614
415
619
613
615
418
610
622
414
620
608
416
624
412
411
618
611
616
406
623
634
409
413
630
625
407
405
410
626
403
408
617
648
627
404
401
629
402
628
646
398
396
632
631
639
389
637
636
399
391
395
390
633
649
641
645
387
642
638
394
635
393
392
643
647
640
644
654
653
655
386
385
651
664
388
380
384
650
379
660
652
369
383
656
661
665
370
662
376
663
669
672
657
666
668
381
382
659
667
658
372
673
676
682
377
677
685
670
683
674
679
671
680
688
692
687
691
678
684
689
701
359
378
708
374
675
702
350
365
368
686
693
695
696
358
362
681
347
361
366
375
697
703
705
360
363
367
371
373
700
704
707
710
717
351
356
364
336
353
357
690
698
709
714
730
331
335
341
345
349
355
694
699
706
711
716
718
726
729
741
308
328
332
346
352
713
715
720
725
727
736
737
740
312
323
330
337
339
340
348
712
723
724
731
732
735
739
742
757
310
329
334
343
354
719
721
728
734
738
744
747
748
750
751
752
