<unk>
<pad>
<s>
</s>
483
500
496
485
487
482
493
515
518
511
498
490
513
491
486
499
520
503
477
476
506
517
504
488
497
519
522
523
514
508
484
479
494
480
512
505
481
495
475
492
525
510
474
526
478
516
509
507
524
470
521
501
472
527
530
502
528
489
471
529
473
531
536
462
534
532
466
533
469
464
468
535
541
537
465
467
538
542
544
540
543
463
546
550
461
539
553
549
459
460
557
551
545
552
457
568
547
554
564
548
456
458
561
556
558
555
450
432
570
565
451
569
455
563
454
571
562
560
559
447
442
453
566
572
452
582
574
441
567
449
573
445
444
576
448
580
579
437
428
439
577
446
575
436
578
438
440
443
581
583
596
589
434
430
584
435
593
433
587
431
604
586
585
421
588
591
595
426
592
427
590
597
425
429
599
420
594
422
417
423
424
418
415
419
414
598
412
600
416
607
409
602
609
413
407
406
605
606
411
610
408
601
614
405
603
402
410
401
403
396
404
616
621
397
400
615
619
398
613
611
608
612
391
399
618
390
634
395
623
387
622
624
617
620
393
389
632
392
386
394
626
627
369
370
628
636
380
379
385
384
625
383
388
631
646
382
377
630
633
637
645
635
642
638
643
639
372
381
641
664
376
647
629
649
358
374
640
650
350
359
365
366
368
651
654
655
669
672
360
367
378
648
653
657
662
375
644
665
351
356
361
363
371
660
663
683
345
347
355
357
362
652
308
328
332
336
346
352
353
364
373
656
661
668
676
677
680
681
684
688
695
696
323
330
331
335
337
340
348
349
659
666
670
675
679
682
700
703
705
310
312
329
334
339
341
343
354
658
667
673
678
687
690
691
692
693
698
702
704
707
709
711
716
718
723
729
730
