<unk>
<pad>
<s>
</s>
482
500
497
492
518
490
501
493
502
463
474
519
494
495
527
499
464
487
480
485
491
520
488
479
489
515
481
498
486
514
521
511
512
513
522
504
510
508
484
496
505
507
483
476
516
472
509
503
477
475
478
523
506
517
473
471
534
525
526
528
469
470
524
468
537
467
533
529
536
531
535
540
466
530
465
532
541
461
538
544
542
459
539
462
543
460
458
549
546
545
548
456
547
455
551
457
454
452
453
560
451
550
552
553
554
449
556
450
555
440
447
557
559
446
448
564
561
444
441
571
445
558
437
443
567
563
442
569
566
568
570
562
586
436
565
439
573
438
582
574
433
435
572
575
428
579
426
576
429
431
580
420
432
434
581
577
578
419
427
430
585
424
587
423
422
588
597
425
584
421
411
414
416
417
591
406
583
590
594
415
595
602
418
598
410
589
596
412
413
593
407
409
592
604
600
404
405
611
403
408
370
388
392
393
606
607
621
599
623
382
387
400
402
601
613
618
624
364
389
395
396
397
398
399
610
366
372
384
386
390
401
609
612
622
640
654
320
326
329
339
361
368
371
373
380
383
385
394
603
605
608
614
616
617
625
626
627
628
630
632
635
636
637
638
646
649
650
653
661
664
676
693
