Row	Precision	Recall	F1
1	0.2889	0.1757	0.2185
2	0.4333	0.3250	0.3714
3	0.4478	0.5172	0.4800
4	0.1964	0.2558	0.2222
5	0.2000	0.2162	0.2078
6	0.5769	0.7692	0.6593
7	0.1842	0.0909	0.1217
8	0.6102	0.6207	0.6154
9	0.3333	0.4340	0.3770
10	0.2821	0.4177	0.3367
11	0.4800	0.3158	0.3810
12	0.4400	0.3793	0.4074
13	0.1923	0.2222	0.2062
14	0.1111	0.1429	0.1250
15	0.2315	0.3086	0.2646
16	0.5692	0.5211	0.5441
17	0.8462	0.7857	0.8148
18	1.0000	0.0682	0.1277
19	0.1136	0.1190	0.1163
20	0.4000	0.0702	0.1194
21	0.2716	0.2785	0.2750
22	0.2353	0.2353	0.2353
23	0.4906	0.5306	0.5098
24	0.9333	1.0000	0.9655
25	0.4754	0.4203	0.4462
26	0.2286	0.3333	0.2712
27	0.0580	0.2857	0.0964
28	0.0769	0.1333	0.0976
29	0.4500	0.5696	0.5028
30	0.5849	0.5741	0.5794
31	0.4167	0.5000	0.4545
32	0.0000	0.0000	0.0000
33	0.4783	0.4459	0.4615
34	0.4744	0.5692	0.5175
35	0.4000	0.6154	0.4848
36	0.5323	0.4286	0.4748
37	0.1967	0.1714	0.1832
38	0.8730	0.9167	0.8943
39	0.0746	0.3846	0.1250
40	0.4000	0.0800	0.1333
41	0.3803	0.4821	0.4252
42	0.3571	0.4167	0.3846
43	0.2195	0.2500	0.2338
44	0.4746	0.5490	0.5091
45	0.8000	0.9231	0.8571
46	0.5254	0.6596	0.5849
47	0.2300	0.3898	0.2893
48	0.4054	0.5000	0.4478
49	0.6875	0.8462	0.7586
50	0.2143	0.2500	0.2308
51	0.7692	0.8333	0.8000
52	0.5556	0.5769	0.5660
53	0.6234	0.7273	0.6713
54	0.5000	0.5882	0.5405
55	0.3333	0.3611	0.3467
56	0.4792	0.4107	0.4423
57	0.5077	0.6000	0.5500
58	0.5750	0.5111	0.5412
59	0.4423	0.2371	0.3087
60	0.0580	0.2667	0.0952
61	0.7561	0.8378	0.7949
62	0.6170	0.7632	0.6824
63	0.4643	0.5909	0.5200
64	0.7500	0.6610	0.7027
65	0.3429	0.3158	0.3288
66	0.4889	0.4681	0.4783
67	0.2857	0.3333	0.3077
68	0.1176	0.2857	0.1667
69	0.1429	0.2308	0.1765
70	0.6053	0.6389	0.6216
71	0.5833	0.6000	0.5915
72	0.4250	0.4146	0.4198
73	0.5556	0.5172	0.5357
74	0.4933	0.6607	0.5649
75	0.0800	0.1429	0.1026
76	1.0000	0.2778	0.4348
77	0.2571	0.2571	0.2571
78	0.3793	0.3667	0.3729
79	0.4563	0.4747	0.4653
80	0.2143	0.2069	0.2105
81	0.7111	0.8205	0.7619
82	0.4783	0.2558	0.3333
83	0.2329	0.2073	0.2194
84	0.1299	0.1351	0.1325
85	0.5000	0.0200	0.0385
86	0.3750	0.4286	0.4000
87	0.2500	0.1500	0.1875
88	0.1127	0.1538	0.1301
89	0.2963	0.3200	0.3077
90	0.6667	0.6250	0.6452
91	0.0606	0.1429	0.0851
92	0.1509	0.1250	0.1368
93	0.3684	0.4308	0.3972
94	0.4386	0.4808	0.4587
95	0.4082	0.4444	0.4255
96	0.3636	0.4324	0.3951
97	0.4270	0.5846	0.4935
98	0.5775	0.5467	0.5616
99	0.5139	0.6066	0.5564
100	0.8125	0.9286	0.8667
101	0.4444	0.4571	0.4507
102	0.3505	0.3579	0.3542
103	0.6471	0.4490	0.5301
104	0.3500	0.3750	0.3621
105	0.6957	0.5517	0.6154
106	0.4340	0.3151	0.3651
107	0.4286	0.3846	0.4054
108	0.4400	0.3014	0.3577
109	0.2683	0.2895	0.2785
110	0.3704	0.4000	0.3846
111	0.4946	0.5897	0.5380
112	0.6538	0.6869	0.6700
113	0.2698	0.3036	0.2857
114	0.2817	0.3509	0.3125
115	0.3662	0.4062	0.3852
116	0.4510	0.5000	0.4742
117	0.3896	0.3226	0.3529
118	0.5000	0.4821	0.4909
119	0.4416	0.4146	0.4277
120	0.2712	0.2909	0.2807
121	0.4348	0.4412	0.4380
122	0.3438	0.3667	0.3548
123	0.5000	0.4889	0.4944
124	0.4478	0.4615	0.4545
125	0.4643	0.4262	0.4444
126	0.5556	0.4000	0.4651
127	0.3559	0.3134	0.3333
128	0.3600	0.3750	0.3673
129	0.4194	0.4262	0.4228
130	0.5443	0.6143	0.5772
131	0.4706	0.5333	0.5000
132	0.3396	0.3214	0.3303
133	0.3276	0.3585	0.3423
134	0.5581	0.4528	0.5000
135	0.4286	0.3621	0.3925
136	0.6000	0.4853	0.5366
137	0.3333	0.3784	0.3544
138	0.5778	0.5417	0.5591
139	0.3636	0.3721	0.3678
140	0.4595	0.3269	0.3820
141	0.5385	0.6667	0.5957
142	0.3333	0.2857	0.3077
143	0.3509	0.5405	0.4255
144	0.4154	0.2842	0.3375
145	0.3651	0.4259	0.3932
146	0.3188	0.4681	0.3793
147	0.2963	0.2353	0.2623
148	0.4211	0.4800	0.4486
149	0.4444	0.5556	0.4938
150	0.4146	0.3696	0.3908
151	0.2857	0.2817	0.2837
152	0.4058	0.3333	0.3660
153	0.3000	0.3125	0.3061
154	0.4146	0.3269	0.3656
155	0.4658	0.3778	0.4172
156	0.4694	0.3594	0.4071
157	0.4024	0.4459	0.4231
158	0.5556	0.3947	0.4615
159	0.3380	0.4211	0.3750
160	0.3836	0.3294	0.3544
161	0.3333	0.3902	0.3596
162	0.6333	0.4691	0.5390
163	0.7308	0.5588	0.6333
164	0.4242	0.4308	0.4275
165	0.3556	0.4848	0.4103
166	0.7368	0.4746	0.5773
167	0.6538	0.5484	0.5965
168	0.4333	0.3714	0.4000
169	0.3333	0.2857	0.3077
170	0.4000	0.3684	0.3836
171	0.5806	0.6000	0.5902
172	0.4706	0.3902	0.4267
173	0.3494	0.3537	0.3515
174	0.3871	0.3288	0.3556
175	0.3929	0.3729	0.3826
176	0.4000	0.3373	0.3660
177	0.3077	0.3243	0.3158
178	0.2857	0.2632	0.2740
179	0.3214	0.4500	0.3750
180	0.6222	0.7778	0.6914
181	0.3913	0.3333	0.3600
182	0.4138	0.3529	0.3810
183	0.4681	0.5946	0.5238
184	0.2619	0.2683	0.2651
185	0.3780	0.4921	0.4276
186	0.3846	0.3000	0.3371
187	0.4615	0.4615	0.4615
188	0.6429	0.2812	0.3913
189	0.2353	0.1429	0.1778
190	0.2817	0.3390	0.3077
191	0.6286	0.5867	0.6069
192	0.6977	0.5085	0.5882
193	0.4154	0.4500	0.4320
194	0.4043	0.4419	0.4222
195	0.4182	0.5000	0.4554
196	0.4571	0.3137	0.3721
197	0.4800	0.3636	0.4138
198	0.3286	0.3651	0.3459
199	0.4386	0.4808	0.4587
200	0.3235	0.2750	0.2973
201	0.6429	0.1579	0.2535
202	0.3500	0.3500	0.3500
203	0.4107	0.3067	0.3511
204	0.5690	0.6111	0.5893
205	0.4706	0.3810	0.4211
206	0.6562	0.6774	0.6667
207	0.2653	0.4062	0.3210
208	0.4521	0.4286	0.4400
209	0.3902	0.4444	0.4156
210	0.4643	0.4062	0.4333
211	0.3333	0.3056	0.3188
212	0.3906	0.3425	0.3650
213	0.4167	0.4348	0.4255
214	0.2857	0.2857	0.2857
215	0.5349	0.5897	0.5610
216	0.2903	0.1957	0.2338
217	0.4151	0.4314	0.4231
218	0.7857	0.8800	0.8302
219	0.5056	0.5000	0.5028
220	0.5455	0.4186	0.4737
221	0.3107	0.3441	0.3265
222	0.4516	0.3500	0.3944
223	0.3857	0.3750	0.3803
224	0.2821	0.3099	0.2953
225	0.4714	0.5593	0.5116
226	0.6154	0.4528	0.5217
227	0.3788	0.3846	0.3817
228	0.3191	0.3000	0.3093
229	0.5972	0.6615	0.6277
230	0.4035	0.5349	0.4600
231	0.3247	0.3289	0.3268
232	0.4062	0.3421	0.3714
233	0.5286	0.5211	0.5248
234	0.3692	0.4286	0.3967
235	0.4316	0.5616	0.4881
236	0.7143	0.5882	0.6452
237	0.5542	0.5823	0.5679
238	0.3704	0.4545	0.4082
239	0.3448	0.3333	0.3390
240	0.3191	0.2381	0.2727
241	0.1724	0.2703	0.2105
242	0.4750	0.4634	0.4691
243	0.7000	0.6774	0.6885
244	0.2237	0.2742	0.2464
245	0.3205	0.4032	0.3571
246	0.3875	0.5000	0.4366
247	0.5672	0.4691	0.5135
248	0.4130	0.4318	0.4222
249	0.4130	0.3393	0.3725
250	0.5574	0.4658	0.5075
251	0.5882	0.4545	0.5128
252	0.4146	0.7083	0.5231
253	0.6269	0.4828	0.5455
254	0.5854	0.3529	0.4404
255	0.3562	0.3939	0.3741
256	0.5231	0.4722	0.4964
257	0.2911	0.3651	0.3239
258	0.4615	0.3797	0.4167
259	0.2267	0.2982	0.2576
260	0.3393	0.3585	0.3486
261	0.4138	0.3750	0.3934
262	0.4565	0.3818	0.4158
263	0.3333	0.4490	0.3826
264	1.0000	1.0000	1.0000
265	0.6316	0.6154	0.6234
266	0.5147	0.5072	0.5109
267	0.4000	0.3509	0.3738
268	0.6098	0.4310	0.5051
269	0.4468	0.4565	0.4516
270	0.4231	0.3667	0.3929
271	0.4681	0.5000	0.4835
272	0.3846	0.4098	0.3968
273	0.5641	0.5366	0.5500
274	0.5733	0.5443	0.5584
275	0.3065	0.2468	0.2734
276	0.3580	0.3867	0.3718
277	0.5250	0.5676	0.5455
278	0.3028	0.4925	0.3750
279	0.3936	0.4625	0.4253
280	0.3768	0.3768	0.3768
281	0.3000	0.3333	0.3158
282	0.6000	0.6818	0.6383
283	0.6620	0.5802	0.6184
284	0.3103	0.3158	0.3130
285	0.2895	0.1897	0.2292
286	0.5349	0.5610	0.5476
287	0.3333	0.2692	0.2979
288	0.2632	0.2206	0.2400
289	0.3962	0.4375	0.4158
290	0.4565	0.4286	0.4421
291	0.5085	0.5660	0.5357
292	0.4423	0.3898	0.4144
293	0.4605	0.5645	0.5072
294	0.5283	0.5833	0.5545
295	0.2703	0.1667	0.2062
296	0.4000	0.5000	0.4444
297	0.6500	0.5306	0.5843
298	0.2911	0.3194	0.3046
299	0.4340	0.3538	0.3898
300	0.3860	0.4231	0.4037
301	0.4848	0.4324	0.4571
302	0.5965	0.4658	0.5231
303	0.4362	0.6406	0.5190
304	0.4595	0.4359	0.4474
305	0.3214	0.3673	0.3429
306	0.4444	0.4545	0.4494
307	0.4800	0.4706	0.4752
308	0.6552	0.3958	0.4935
309	0.4737	0.5400	0.5047
310	0.4286	0.4286	0.4286
311	0.3500	0.3559	0.3529
312	0.6071	0.5484	0.5763
313	0.2222	0.2667	0.2424
314	0.5000	0.4776	0.4885
315	0.1837	0.1667	0.1748
316	0.2716	0.3333	0.2993
317	0.4348	0.3636	0.3960
318	0.5250	0.4667	0.4941
319	0.5294	0.3830	0.4444
320	0.3000	0.3429	0.3200
321	0.3617	0.3269	0.3434
322	0.4167	0.1887	0.2597
323	0.6250	0.4615	0.5310
324	0.3922	0.4651	0.4255
325	0.3818	0.4468	0.4118
326	0.2778	0.2632	0.2703
327	0.5143	0.3673	0.4286
328	0.2469	0.2632	0.2548
329	0.4286	0.2791	0.3380
330	0.4211	0.4444	0.4324
331	0.6197	0.5570	0.5867
332	0.3830	0.3750	0.3789
333	0.3750	0.4154	0.3942
334	0.3247	0.3425	0.3333
335	0.3231	0.3231	0.3231
336	0.3488	0.2679	0.3030
337	0.4054	0.5357	0.4615
338	0.4118	0.4884	0.4468
339	0.4706	0.5714	0.5161
340	0.5000	0.4225	0.4580
341	0.6087	0.4516	0.5185
342	0.2857	0.4103	0.3368
343	0.5333	0.2807	0.3678
344	0.2632	0.3333	0.2941
345	0.3382	0.3538	0.3459
346	0.3455	0.4318	0.3838
347	0.6316	0.6545	0.6429
348	0.6216	0.5897	0.6053
349	0.2340	0.2558	0.2444
350	0.4746	0.5714	0.5185
351	0.4783	0.4783	0.4783
352	0.5263	0.5357	0.5310
353	0.3404	0.3019	0.3200
354	0.2667	0.2162	0.2388
355	0.5119	0.5658	0.5375
356	0.9412	0.8889	0.9143
Media F1: 0.4182133348011927
