Row	Precision	Recall	F1
1	0.5283	0.6829	0.5957
2	0.3091	0.3269	0.3178
3	0.7632	0.6304	0.6905
4	0.4328	0.3973	0.4143
5	1.0000	1.0000	1.0000
6	0.4634	0.2879	0.3551
7	0.4318	0.4222	0.4270
8	0.4727	0.4000	0.4333
9	0.5652	0.2203	0.3171
10	0.3800	0.3276	0.3519
11	0.3966	0.3898	0.3932
12	0.5000	0.5714	0.5333
13	0.5075	0.4359	0.4690
14	0.8077	0.6774	0.7368
15	0.6970	0.3382	0.4554
16	0.5714	0.6061	0.5882
17	0.6400	0.4211	0.5079
18	0.3846	0.4098	0.3968
19	0.1698	0.1406	0.1538
20	0.5714	0.3922	0.4651
21	0.4340	0.5349	0.4792
22	0.9000	0.5294	0.6667
23	0.3793	0.3014	0.3359
24	0.4384	0.4211	0.4295
25	0.4000	0.4444	0.4211
26	0.3793	0.3143	0.3438
27	0.2442	0.3559	0.2897
28	0.8140	0.5000	0.6195
29	0.4000	0.3000	0.3429
30	0.4091	0.3600	0.3830
31	0.3393	0.4419	0.3838
32	0.2778	0.2632	0.2703
33	0.3750	0.3750	0.3750
34	0.6000	0.6667	0.6316
35	0.6508	0.6029	0.6260
36	0.1633	0.1905	0.1758
37	0.6721	0.7455	0.7069
38	0.3125	0.2885	0.3000
39	0.5128	0.2062	0.2941
40	0.0984	0.2143	0.1348
41	0.8837	0.6786	0.7677
42	0.4429	0.4769	0.4593
43	0.3023	0.4194	0.3514
44	0.5455	0.2526	0.3453
45	1.0000	1.0000	1.0000
46	0.3182	0.3750	0.3443
47	0.2821	0.2292	0.2529
48	0.5185	0.4375	0.4746
49	0.6346	0.4400	0.5197
50	0.4259	0.4792	0.4510
51	1.0000	1.0000	1.0000
52	1.0000	1.0000	1.0000
53	0.4394	0.3580	0.3946
54	0.5000	0.1800	0.2647
55	0.5211	0.5000	0.5103
56	0.3971	0.3803	0.3885
57	0.5238	0.3929	0.4490
58	0.3182	0.2222	0.2617
59	0.5429	0.6129	0.5758
60	0.4545	0.2899	0.3540
61	0.4000	0.3214	0.3564
62	0.5000	0.6364	0.5600
63	0.6512	0.5385	0.5895
64	0.4605	0.5224	0.4895
65	0.5882	0.3797	0.4615
66	0.4722	0.3148	0.3778
67	0.4571	0.2025	0.2807
68	0.3966	0.3538	0.3740
69	0.6667	0.4658	0.5484
70	0.0000	0.0000	0.0000
71	0.4286	0.3125	0.3614
72	0.5345	0.8158	0.6458
73	0.4390	0.3333	0.3789
74	0.4318	0.4318	0.4318
75	0.3704	0.3390	0.3540
76	0.3143	0.1429	0.1964
77	0.3625	0.4754	0.4113
78	0.3636	0.3011	0.3294
79	0.3396	0.2951	0.3158
80	0.8125	0.7647	0.7879
81	0.6522	0.5769	0.6122
82	0.3590	0.4308	0.3916
83	0.2105	0.2051	0.2078
84	0.5556	0.5385	0.5469
85	0.2941	0.2105	0.2454
86	0.3377	0.4333	0.3796
87	0.5098	0.3467	0.4127
88	0.5472	0.4603	0.5000
89	0.3889	0.3962	0.3925
90	0.1613	0.1923	0.1754
91	0.5143	0.5806	0.5455
92	0.4694	0.2949	0.3622
93	0.5873	0.6607	0.6218
94	0.6000	0.5455	0.5714
95	0.4598	0.4938	0.4762
96	0.4605	0.3535	0.4000
97	0.4878	0.3774	0.4255
98	0.4286	0.3750	0.4000
99	0.4333	0.5306	0.4771
100	0.2623	0.2105	0.2336
101	0.4138	0.4286	0.4211
102	0.4627	0.4306	0.4460
103	0.3333	0.1964	0.2472
104	0.4545	0.4237	0.4386
105	0.3333	0.2449	0.2824
106	0.5385	0.5957	0.5657
107	0.5714	0.6667	0.6154
108	0.4500	0.3214	0.3750
109	0.3898	0.4340	0.4107
110	0.4386	0.4237	0.4310
111	0.4098	0.3846	0.3968
112	0.4032	0.3676	0.3846
113	0.3793	0.4459	0.4099
114	0.4054	0.2679	0.3226
115	0.2340	0.2895	0.2588
116	1.0000	1.0000	1.0000
117	0.2754	0.3065	0.2901
118	0.6216	0.4894	0.5476
119	0.3488	0.3571	0.3529
120	0.4314	0.3793	0.4037
121	0.7308	0.6909	0.7103
122	0.5000	0.5652	0.5306
123	0.1887	0.1220	0.1481
124	0.5625	0.5625	0.5625
125	0.9286	1.0000	0.9630
126	0.4737	0.5000	0.4865
127	0.5714	0.7568	0.6512
128	0.7600	0.5000	0.6032
129	0.4318	0.4419	0.4368
130	0.3600	0.3214	0.3396
131	0.2727	0.1216	0.1682
132	0.5111	0.4600	0.4842
133	0.5278	0.5588	0.5429
134	0.5370	0.4394	0.4833
135	0.5882	0.6122	0.6000
136	0.7647	0.5778	0.6582
137	0.2963	0.3288	0.3117
138	0.3590	0.2090	0.2642
139	0.3151	0.3108	0.3129
140	0.5088	0.4143	0.4567
141	0.2857	0.2857	0.2857
142	0.3750	0.3288	0.3504
143	0.6735	0.4583	0.5455
144	0.5278	0.5205	0.5241
145	0.1000	0.0476	0.0645
146	0.2317	0.2346	0.2331
147	0.6712	0.6364	0.6533
148	0.5246	0.5079	0.5161
149	0.5156	0.7674	0.6168
150	0.4318	0.4691	0.4497
151	0.3462	0.3051	0.3243
152	0.3966	0.3333	0.3622
153	0.6389	0.3898	0.4842
154	0.4242	0.2857	0.3415
155	0.5862	0.4595	0.5152
156	0.5000	0.4595	0.4789
157	0.5882	0.3636	0.4494
158	0.5962	0.7045	0.6458
159	0.4423	0.3067	0.3622
160	0.5902	0.5000	0.5414
161	0.2564	0.2500	0.2532
162	0.5952	0.6410	0.6173
163	0.3750	0.2927	0.3288
164	0.4186	0.4390	0.4286
165	0.4583	0.5366	0.4944
166	0.4667	0.3590	0.4058
167	0.6667	0.5405	0.5970
168	0.2041	0.1887	0.1961
169	0.3810	0.3000	0.3357
170	0.4194	0.3421	0.3768
171	0.5000	0.4091	0.4500
172	0.7333	0.5000	0.5946
173	0.3654	0.3455	0.3551
174	0.4839	0.4615	0.4724
175	0.5000	0.2857	0.3636
176	0.4386	0.4167	0.4274
177	0.4524	0.4634	0.4578
178	0.9286	1.0000	0.9630
179	0.2459	0.2308	0.2381
180	1.0000	1.0000	1.0000
181	0.5714	0.2727	0.3692
182	0.6250	0.4348	0.5128
183	0.7895	0.6818	0.7317
184	0.6667	0.4651	0.5479
185	0.4918	0.5357	0.5128
186	0.4483	0.4000	0.4228
187	0.5733	0.4343	0.4943
188	0.4737	0.4154	0.4426
189	0.4848	0.3721	0.4211
190	0.4655	0.3506	0.4000
191	0.5195	0.4301	0.4706
192	0.4085	0.5088	0.4531
193	0.2987	0.3710	0.3309
194	0.3333	0.1500	0.2069
195	0.3582	0.4444	0.3967
196	0.3485	0.3382	0.3433
197	0.8571	0.5294	0.6545
198	0.7209	0.5254	0.6078
199	0.4074	0.2895	0.3385
200	0.3974	0.4366	0.4161
201	0.4000	0.3556	0.3765
202	0.4545	0.3731	0.4098
203	0.5085	0.4000	0.4478
204	0.7667	0.6389	0.6970
205	0.5000	0.5538	0.5255
206	0.3962	0.4773	0.4330
207	0.3333	0.3000	0.3158
208	0.6456	0.6538	0.6497
209	0.3729	0.3385	0.3548
210	0.1538	0.1395	0.1463
211	0.5294	0.2812	0.3673
212	0.4444	0.2791	0.3429
213	0.6250	0.4286	0.5085
214	0.5510	0.4219	0.4779
215	0.2000	0.1905	0.1951
216	0.5429	0.6129	0.5758
217	0.3684	0.2917	0.3256
218	0.5833	0.4375	0.5000
219	0.0541	0.1333	0.0769
220	0.4688	0.1974	0.2778
221	0.3462	0.2571	0.2951
222	0.3600	0.3103	0.3333
223	0.5147	0.4167	0.4605
224	0.4651	0.3846	0.4211
225	0.5246	0.5246	0.5246
226	0.4068	0.3200	0.3582
227	0.2766	0.3250	0.2989
228	0.4667	0.5833	0.5185
229	0.3846	0.2703	0.3175
230	0.9062	0.6444	0.7532
231	0.6809	0.6957	0.6882
232	1.0000	1.0000	1.0000
233	0.3537	0.4143	0.3816
234	0.3250	0.3250	0.3250
235	0.5667	0.4359	0.4928
236	0.8667	0.8387	0.8525
237	0.3000	0.2586	0.2778
238	0.4706	0.3529	0.4034
239	0.4444	0.3117	0.3664
240	0.4000	0.3810	0.3902
241	0.3056	0.2973	0.3014
242	0.2727	0.3429	0.3038
243	0.3750	0.3288	0.3504
244	0.5111	0.4600	0.4842
245	0.5122	0.2658	0.3500
246	0.5152	0.4722	0.4928
247	0.3182	0.4000	0.3544
248	0.5538	0.5070	0.5294
249	0.3864	0.3208	0.3505
250	1.0000	1.0000	1.0000
251	0.5854	0.4211	0.4898
252	0.5000	0.4638	0.4812
253	0.2632	0.3125	0.2857
254	0.7200	0.3830	0.5000
255	0.8235	0.7568	0.7887
256	0.5000	0.5217	0.5106
257	0.5652	0.3611	0.4407
258	0.5600	0.3043	0.3944
259	0.5517	0.2857	0.3765
260	0.6071	0.4146	0.4928
261	1.0000	1.0000	1.0000
262	0.5091	0.5600	0.5333
263	0.4000	0.2909	0.3368
264	0.6667	0.5641	0.6111
265	0.4565	0.3962	0.4242
266	0.6000	0.3000	0.4000
267	1.0000	1.0000	1.0000
268	0.3929	0.2500	0.3056
269	0.3256	0.3333	0.3294
270	0.4035	0.4035	0.4035
271	0.4091	0.3176	0.3576
272	0.3500	0.2800	0.3111
273	0.5429	0.5278	0.5352
274	0.0750	0.1071	0.0882
275	0.4643	0.3662	0.4094
276	0.0000	0.0000	0.0000
277	0.4634	0.3654	0.4086
278	0.5588	0.5135	0.5352
279	0.4310	0.4386	0.4348
280	0.5909	0.4483	0.5098
281	0.4737	0.7500	0.5806
282	0.6316	0.5333	0.5783
283	0.4643	0.2653	0.3377
284	0.9250	0.6167	0.7400
285	0.9143	0.8205	0.8649
286	0.9054	0.8481	0.8758
287	0.4130	0.4222	0.4176
288	0.4643	0.3824	0.4194
289	0.2679	0.3947	0.3191
290	0.4474	0.2833	0.3469
291	0.3000	0.3243	0.3117
292	0.3529	0.4138	0.3810
293	0.4231	0.2444	0.3099
294	0.5909	0.2826	0.3824
295	0.4643	0.2500	0.3250
296	1.0000	1.0000	1.0000
297	0.6222	0.5000	0.5545
298	0.2632	0.0877	0.1316
299	0.4444	0.4706	0.4571
300	0.3636	0.4211	0.3902
301	0.7500	0.6154	0.6761
302	0.4583	0.4314	0.4444
303	0.7600	0.7037	0.7308
304	0.3636	0.5333	0.4324
305	0.5000	0.4384	0.4672
306	0.3014	0.3056	0.3034
307	0.6923	0.5921	0.6383
308	0.7222	0.5306	0.6118
309	0.4643	0.4483	0.4561
310	0.7042	0.6667	0.6849
311	0.8333	0.8333	0.8333
312	0.5763	0.4250	0.4892
313	0.3333	0.4167	0.3704
314	0.5714	0.5556	0.5634
315	0.5882	0.4255	0.4938
316	0.2162	0.1860	0.2000
317	0.3971	0.4355	0.4154
318	0.3939	0.3133	0.3490
319	0.5968	0.4512	0.5139
320	0.5294	0.4865	0.5070
321	0.4375	0.3684	0.4000
322	0.4667	0.3256	0.3836
323	0.3667	0.4177	0.3905
324	0.3800	0.3276	0.3519
325	0.2917	0.2745	0.2828
326	0.4667	0.3889	0.4242
327	0.4107	0.4340	0.4220
328	0.9583	0.9200	0.9388
329	0.5000	0.4167	0.4545
330	0.4865	0.3673	0.4186
331	0.4643	0.3714	0.4127
332	0.4865	0.5625	0.5217
333	0.0909	0.2000	0.1250
334	0.2903	0.3462	0.3158
335	0.4167	0.4167	0.4167
336	0.2727	0.3281	0.2979
337	0.4318	0.4872	0.4578
338	0.4658	0.4304	0.4474
339	0.2830	0.2632	0.2727
340	0.4154	0.3803	0.3971
341	0.4681	0.4490	0.4583
342	0.6176	0.3962	0.4828
343	0.2857	0.3333	0.3077
344	0.4444	0.3902	0.4156
345	0.2812	0.3000	0.2903
346	0.4423	0.3833	0.4107
347	0.6786	0.4634	0.5507
348	0.8214	0.9020	0.8598
349	0.4118	0.3544	0.3810
350	0.4902	0.4167	0.4505
351	0.4237	0.3968	0.4098
352	0.3659	0.2586	0.3030
353	0.6094	0.4483	0.5166
354	0.5641	0.5000	0.5301
355	0.3396	0.3830	0.3600
356	1.0000	1.0000	1.0000
