Row	Precision	Recall	F1
1	0.3913	0.2195	0.2812
2	0.1471	0.0962	0.1163
3	0.3929	0.2391	0.2973
4	0.3400	0.2329	0.2764
5	0.3571	0.1042	0.1613
6	0.3611	0.1970	0.2549
7	0.1333	0.0889	0.1067
8	0.3833	0.3538	0.3680
9	0.4138	0.2034	0.2727
10	0.2857	0.2069	0.2400
11	0.2676	0.3220	0.2923
12	0.6667	0.1429	0.2353
13	0.4706	0.2051	0.2857
14	0.6667	0.2581	0.3721
15	0.4483	0.1912	0.2680
16	0.2857	0.2424	0.2623
17	0.4000	0.2632	0.3175
18	0.4186	0.2951	0.3462
19	0.1707	0.1094	0.1333
20	0.4000	0.1569	0.2254
21	0.3529	0.2791	0.3117
22	0.4167	0.2941	0.3448
23	0.2958	0.2877	0.2917
24	0.3261	0.3947	0.3571
25	0.4000	0.2593	0.3146
26	0.3043	0.2000	0.2414
27	0.2593	0.2373	0.2478
28	0.2295	0.2000	0.2137
29	0.4783	0.1833	0.2651
30	0.3235	0.2200	0.2619
31	0.3696	0.3953	0.3820
32	0.0000	0.0000	0.0000
33	0.4375	0.5250	0.4773
34	0.3913	0.2500	0.3051
35	0.4902	0.3676	0.4202
36	0.2857	0.0952	0.1429
37	0.5000	0.1273	0.2029
38	0.2750	0.2115	0.2391
39	0.2143	0.0309	0.0541
40	0.0208	0.0357	0.0263
41	0.4314	0.3929	0.4112
42	0.4800	0.3692	0.4174
43	0.1143	0.1290	0.1212
44	0.3514	0.1368	0.1970
45	0.0833	0.2143	0.1200
46	0.3415	0.2500	0.2887
47	0.4444	0.2500	0.3200
48	0.2041	0.1562	0.1770
49	0.3235	0.2933	0.3077
50	0.4062	0.2708	0.3250
51	1.0000	1.0000	1.0000
52	0.0000	0.0000	0.0000
53	0.2881	0.2099	0.2429
54	0.0000	0.0000	0.0000
55	0.4000	0.2162	0.2807
56	0.3333	0.2676	0.2969
57	0.3200	0.1429	0.1975
58	0.2558	0.1746	0.2075
59	0.4773	0.3387	0.3962
60	0.3333	0.2319	0.2735
61	0.1500	0.1607	0.1552
62	0.3455	0.2879	0.3140
63	0.5882	0.3846	0.4651
64	0.3500	0.2090	0.2617
65	0.4783	0.2785	0.3520
66	0.2500	0.1296	0.1707
67	0.1757	0.1646	0.1699
68	0.2571	0.1385	0.1800
69	0.4615	0.1644	0.2424
70	0.2500	0.0200	0.0370
71	0.3871	0.2500	0.3038
72	0.6286	0.5789	0.6027
73	0.2571	0.1667	0.2022
74	0.5667	0.3864	0.4595
75	0.4667	0.3559	0.4038
76	0.4286	0.1169	0.1837
77	0.4182	0.3770	0.3966
78	0.3494	0.3118	0.3295
79	0.2778	0.1639	0.2062
80	0.4583	0.6471	0.5366
81	0.3659	0.2885	0.3226
82	0.3333	0.1231	0.1798
83	0.3529	0.3077	0.3288
84	0.2879	0.2923	0.2901
85	0.4375	0.2211	0.2937
86	0.2000	0.1167	0.1474
87	0.5652	0.1733	0.2653
88	0.2203	0.2063	0.2131
89	0.4815	0.2453	0.3250
90	0.1429	0.0962	0.1149
91	0.3333	0.1613	0.2174
92	0.3256	0.1795	0.2314
93	0.2500	0.1964	0.2200
94	0.2500	0.1061	0.1489
95	0.4500	0.2222	0.2975
96	0.3000	0.1212	0.1727
97	0.2143	0.1132	0.1481
98	0.3529	0.1875	0.2449
99	0.3958	0.3878	0.3918
100	0.2286	0.1053	0.1441
101	0.2778	0.2679	0.2727
102	0.4167	0.2083	0.2778
103	0.2500	0.1429	0.1818
104	0.4000	0.1695	0.2381
105	0.2857	0.2857	0.2857
106	0.5161	0.3404	0.4103
107	0.7143	0.2778	0.4000
108	0.3721	0.2857	0.3232
109	0.3889	0.2642	0.3146
110	0.3673	0.3051	0.3333
111	0.3617	0.2615	0.3036
112	0.3415	0.2059	0.2569
113	0.3023	0.3514	0.3250
114	0.2619	0.1964	0.2245
115	0.3913	0.2368	0.2951
116	0.0847	0.3571	0.1370
117	0.3793	0.1774	0.2418
118	0.2571	0.1915	0.2195
119	0.3056	0.2619	0.2821
120	0.4000	0.2414	0.3011
121	0.4808	0.4545	0.4673
122	0.3750	0.3913	0.3830
123	0.2188	0.1707	0.1918
124	0.3636	0.1667	0.2286
125	0.0200	0.0769	0.0317
126	0.3103	0.2500	0.2769
127	0.4444	0.4324	0.4384
128	0.2121	0.1842	0.1972
129	0.3333	0.1860	0.2388
130	0.2439	0.1786	0.2062
131	0.2381	0.1351	0.1724
132	0.2708	0.2600	0.2653
133	0.2727	0.2647	0.2687
134	0.3556	0.2424	0.2883
135	0.3953	0.3469	0.3696
136	0.1538	0.0444	0.0690
137	0.4571	0.2192	0.2963
138	0.3830	0.2687	0.3158
139	0.3500	0.2838	0.3134
140	0.3438	0.3143	0.3284
141	0.3182	0.2000	0.2456
142	0.2955	0.1781	0.2222
143	0.3125	0.2083	0.2500
144	0.4000	0.2466	0.3051
145	0.0000	0.0000	0.0000
146	0.1928	0.1975	0.1951
147	0.2687	0.2338	0.2500
148	0.2500	0.1587	0.1942
149	0.4062	0.3023	0.3467
150	0.4000	0.1975	0.2645
151	0.3415	0.2373	0.2800
152	0.3913	0.2609	0.3130
153	0.5714	0.2712	0.3678
154	0.3056	0.2245	0.2588
155	0.5484	0.4595	0.5000
156	0.3684	0.1892	0.2500
157	0.3902	0.2909	0.3333
158	0.2571	0.2045	0.2278
159	0.2286	0.1067	0.1455
160	0.3333	0.2500	0.2857
161	0.3721	0.2000	0.2602
162	0.2703	0.2564	0.2632
163	0.3333	0.1951	0.2462
164	0.3784	0.3415	0.3590
165	0.2800	0.1707	0.2121
166	0.2703	0.2564	0.2632
167	0.5200	0.3514	0.4194
168	0.3600	0.1698	0.2308
169	0.2326	0.2500	0.2410
170	0.2800	0.1842	0.2222
171	0.4000	0.4545	0.4255
172	0.2632	0.2273	0.2439
173	0.2286	0.1455	0.1778
174	0.2969	0.2923	0.2946
175	0.2000	0.1250	0.1538
176	0.3636	0.2000	0.2581
177	0.2857	0.2439	0.2632
178	0.0806	0.3846	0.1333
179	0.2927	0.1846	0.2264
180	0.7857	0.7857	0.7857
181	0.6667	0.0227	0.0440
182	0.4138	0.2609	0.3200
183	0.3750	0.3409	0.3571
184	0.3421	0.3023	0.3210
185	0.1795	0.1250	0.1474
186	0.3617	0.2615	0.3036
187	0.5625	0.2727	0.3673
188	0.3265	0.2462	0.2807
189	0.2222	0.1860	0.2025
190	0.6129	0.2468	0.3519
191	0.4000	0.1935	0.2609
192	0.3171	0.2281	0.2653
193	0.2571	0.1452	0.1856
194	0.0000	0.0000	0.0000
195	0.2857	0.1852	0.2247
196	0.4054	0.2206	0.2857
197	0.4643	0.3824	0.4194
198	0.3148	0.2881	0.3009
199	0.3030	0.2632	0.2817
200	0.3333	0.1972	0.2478
201	0.3860	0.2444	0.2993
202	0.4889	0.3284	0.3929
203	0.4419	0.2533	0.3220
204	1.0000	0.1667	0.2857
205	0.3878	0.2923	0.3333
206	0.2381	0.2273	0.2326
207	0.4286	0.1000	0.1622
208	0.3077	0.2564	0.2797
209	0.1429	0.0308	0.0506
210	0.2727	0.1395	0.1846
211	0.2083	0.1562	0.1786
212	0.4583	0.2558	0.3284
213	0.4444	0.2857	0.3478
214	0.2286	0.1250	0.1616
215	0.3462	0.2143	0.2647
216	0.3750	0.1935	0.2553
217	0.2593	0.2917	0.2745
218	0.4211	0.3333	0.3721
219	0.0000	0.0000	0.0000
220	0.3514	0.1711	0.2301
221	0.3077	0.2286	0.2623
222	0.1000	0.1034	0.1017
223	0.3333	0.1429	0.2000
224	0.2857	0.2308	0.2553
225	0.2586	0.2459	0.2521
226	0.3182	0.2800	0.2979
227	0.2917	0.1750	0.2188
228	0.3333	0.3889	0.3590
229	0.0000	0.0000	0.0000
230	0.2895	0.2444	0.2651
231	0.1556	0.1522	0.1538
232	1.0000	1.0000	1.0000
233	0.2727	0.3000	0.2857
234	0.3429	0.3000	0.3200
235	0.6786	0.4872	0.5672
236	0.7500	0.0968	0.1714
237	0.4706	0.2759	0.3478
238	0.3111	0.2059	0.2478
239	0.3556	0.2078	0.2623
240	0.3750	0.2143	0.2727
241	0.1471	0.1351	0.1408
242	0.2000	0.2000	0.2000
243	0.3393	0.2603	0.2946
244	0.2286	0.1600	0.1882
245	0.2542	0.1899	0.2174
246	0.2326	0.2778	0.2532
247	0.2500	0.2571	0.2535
248	0.2286	0.1127	0.1509
249	0.2121	0.1321	0.1628
250	0.8462	0.8462	0.8462
251	0.4222	0.3333	0.3725
252	0.3421	0.1884	0.2430
253	0.4062	0.4062	0.4062
254	0.3143	0.2340	0.2683
255	0.2245	0.2973	0.2558
256	0.3111	0.3043	0.3077
257	0.4000	0.2500	0.3077
258	0.2857	0.2174	0.2469
259	0.3704	0.1786	0.2410
260	0.3929	0.2683	0.3188
261	0.7857	0.7333	0.7586
262	0.3226	0.2000	0.2469
263	0.3704	0.1818	0.2439
264	0.5833	0.3590	0.4444
265	0.2558	0.2075	0.2292
266	0.2609	0.1333	0.1765
267	0.0000	0.0000	0.0000
268	0.2500	0.1364	0.1765
269	0.4483	0.3095	0.3662
270	0.4130	0.3333	0.3689
271	0.3146	0.3294	0.3218
272	0.4595	0.3400	0.3908
273	0.3889	0.1944	0.2593
274	0.2703	0.3571	0.3077
275	0.2319	0.2254	0.2286
276	0.0000	0.0000	0.0000
277	0.3514	0.2500	0.2921
278	0.5333	0.3243	0.4034
279	0.3261	0.2632	0.2913
280	0.5333	0.2759	0.3636
281	0.5000	0.4167	0.4545
282	0.7188	0.5111	0.5974
283	0.4737	0.1837	0.2647
284	0.3571	0.0833	0.1351
285	0.5312	0.4359	0.4789
286	0.4000	0.1772	0.2456
287	0.1875	0.2000	0.1935
288	0.2286	0.2353	0.2319
289	0.2571	0.2368	0.2466
290	0.3333	0.1667	0.2222
291	0.2286	0.2162	0.2222
292	0.1111	0.1724	0.1351
293	0.2581	0.1778	0.2105
294	0.3929	0.2391	0.2973
295	0.4167	0.2885	0.3409
296	0.2286	0.5714	0.3265
297	0.3556	0.2857	0.3168
298	0.4286	0.0526	0.0938
299	0.3800	0.2794	0.3220
300	0.4857	0.2982	0.3696
301	0.3750	0.2308	0.2857
302	0.4722	0.3333	0.3908
303	0.5227	0.4259	0.4694
304	0.2759	0.2667	0.2712
305	0.4318	0.2603	0.3248
306	0.5938	0.2639	0.3654
307	0.3968	0.3289	0.3597
308	0.6667	0.3878	0.4903
309	0.2553	0.2069	0.2286
310	0.3429	0.1600	0.2182
311	0.5000	0.6667	0.5714
312	0.3333	0.1750	0.2295
313	0.2895	0.2292	0.2558
314	0.5429	0.2639	0.3551
315	0.3103	0.1915	0.2368
316	0.1500	0.2093	0.1748
317	0.2444	0.1774	0.2056
318	0.4773	0.2530	0.3307
319	0.3488	0.1829	0.2400
320	0.2000	0.1892	0.1944
321	0.2093	0.1579	0.1800
322	0.2000	0.1395	0.1644
323	0.2083	0.1266	0.1575
324	0.3556	0.2759	0.3107
325	0.2105	0.2353	0.2222
326	1.0000	0.2778	0.4348
327	0.3143	0.2075	0.2500
328	0.2619	0.4400	0.3284
329	0.3556	0.3333	0.3441
330	0.5000	0.2041	0.2899
331	0.0000	0.0000	0.0000
332	0.3333	0.2812	0.3051
333	0.0000	0.0000	0.0000
334	0.2222	0.2308	0.2264
335	0.1429	0.0833	0.1053
336	0.3958	0.2969	0.3393
337	0.2667	0.3077	0.2857
338	0.2353	0.1013	0.1416
339	0.1714	0.1053	0.1304
340	0.3830	0.2535	0.3051
341	0.2927	0.2449	0.2667
342	0.2571	0.1698	0.2045
343	0.2195	0.3000	0.2535
344	0.2326	0.2439	0.2381
345	0.1351	0.1667	0.1493
346	0.5000	0.2333	0.3182
347	0.3929	0.2683	0.3188
348	0.4211	0.1569	0.2286
349	0.3182	0.2658	0.2897
350	0.4324	0.2667	0.3299
351	0.2979	0.2222	0.2545
352	0.3111	0.2414	0.2718
353	0.6667	0.2069	0.3158
354	0.3488	0.3409	0.3448
355	0.2927	0.2553	0.2727
356	0.3929	0.2973	0.3385
