528 472 490 515 509 491 500 464 541 514 458 516 471 482 485 494 494 494 500 464 535 482 505 488 550 520 482 498 467 500 484 487 500 464
528 472 490 515 512 489 500 464 541 514 458 516 471 482 528 489 498 472 528 513 472 500 463 535 482 505 488 500 463 527 493 506 479 542 496 482 522 507 518 516 484 487 538 482 521 477 500 464 543 484 521 522 479 516 484 487 536 471 515 464 507 500 464
528 472 490 515 521 478 505 500 464 531 488 498 521 484 482 517 484 488 513 494 490 495 491 545 525 518 457 464 482 500 463 527 502 501 474 533 502 486 492 511 490 544 482 495 529 521 501 489 500 464
528 472 490 515 511 490 500 464 529 496 506 482 527 513 493 482 535 482 505 488 513 498 488 550 520 482 498 467 516 484 487 500 464 537 472 498 514 471 500 463 521 480 491 535 517 482 507 514 486 492 508 493 542 476 522 459 501 501 459 529 471 506 514 476 512 488 497 520 480 499 516 502 485 487 500 481 497 497 506 494 500 464 500 464
518 497 497 481 483 492 508 493 500 463 527 472 490 501 514 524 476 502 500 464
528 472 490 515 511 490 500 464 541 514 458 516 471 482 528 489 498 472 528 513 472 500 463 535 482 505 488 500 463 521 507 492 479 542 496 482 522 507 518 516 484 487 538 482 521 477 500 464 543 484 521 522 479 516 484 487 536 471 515 464 507 500 464
527 474 506 527 502 501 474 511 490 535 482 505 487 529 472 476 514 511 490 500 463 511 490 540 482 517 529 502 480 503 471 521 480 491 533 509 469 512 468 542 508 472 524 459 517 484 487 500 464
528 472 490 515 511 490 500 464 518 492 482 494 494 482 528 481 513 472 500 463 524 496 527 482 550 535 482 505 488 500 463 527 502 507 484 511 500 463 521 491 488 538 511 474 513 474 532 503 476 493 484 491 489 500 464 527 502 501 474 516 484 491 516 482 486 522 509 493 492 512 488 497 514 487 491 518 506 486 482 484 500 464 527 502 501 474 524 512 477 518 479 482 467 518 482 479 482 495 518 497 483 500 463 527 502 501 474 517 502 484 546 482 527 531 530 573 466 428 503 447 538 558 500
528 472 490 515 526 474 479 500 464 518 482 490 493 482 517 493 500 505 493 500 463 529 482 486 515 531 485 501 482 469 500 463 532 522 498 507 469 538 508 487 462 468 500 463
518 481 497 527 502 501 474 520 480 499 544 499 482 518 511 519 518 482 499 512 487 480 527 443 482 500 463 527 502 501 474 533 468 504 519 481 517 493 484 537 482 492 520 511 500 500 463 527 502 501 474 518 489 488 519 481 497 497 517 483 496 495 490 489 500 463 527 502 501 474 517 484 504 523 482 521 519 481 512 473 509 579
550 449 467 491 500 529 500 464 533 482 508 498 474 510 500 478 500 520 480 521 484 482 512 491 489 488 489 490 540 519 482 513 498 488 540 453 502 507 455 500 463 535 498 463 507 473 551 504 476 488 490 451 525 536 450 560 441 537 466 503 540 519 482 518 520 480 499 516 502 485 487 519 481 497 497 506 494 521 460 490 489 465 479 500 463 540 517 482 518 521 480 491 528 472 498 490 485 518 525 476 489 519 482 522 515 575 473 502 426 451 555 535 519 481 497 497 529 472 498 514 471 500 464
514 487 494 489
528 472 490 515 512 490 500 464 525 495 474 513 480 482 550 482 550 503 514 527 502 527 482 500 463 521 480 491 535 482 521 520 551 504 476 488 490 451 525 536 450 500 463 535 482 521 520 551 504 476 488 490 451 525 536 450 527 513 493 482 518 497 480 500 463 532 482 527 460 522 480 500 464
528 472 490 515 526 474 479 500 464 541 514 458 516 471 482 500 488
528 472 490 515 509 491 491 500 464 527 485 495 480 517 482 524 503 476 534 482 521 520 513 490 490 488 488 546 516 482 494 463 541 482 519 520 500 464 482 508 498 474 510 500 478 500 464
528 472 490 515 526 475 505 500 464 541 514 458 516 471 482 528 463 482 512 491 489 488 489 490 540 519 482 518 500 463 526 482 515 489 461 487 496 510 500 463 521 487 472 506 500 464
537 463 487 506 514 510 482 500 463 537 492 482 488 515 532 489 506 479 482 512 491 489 488 489 490 540 519 482 513 498 488 548 453 502 507 455 500 464
528 472 477 502 519 500 464 533 476 474 518 502 482 597 482 571 537 519 553 549 488 499 512 487 526 482 500 463 517 484 488 551 504 476 488 490 451 525 536 450 500 463 570 482 523 547 534 482 521 520 551 504 476 488 490 451 525 536 450 560 441 537 466 503 540 519 482 518 525 476 496 564 520 437 504 486 500 464
526 474 505 527 502 501 474 515 484 535 482 505 487 529 472 476 514 511 490 500 463 511 489 490 496 495 490 490 500 463 527 502 501 474 515 500 485 500 500 546 482 505 524 500 463 527 502 501 474 515 499 537 482 502 503 455 493 541 519 472 539 512 473 462 512 512 488 497 516 504 484 534 482 508 498 474 510 500 478 500 464
550 451 469 515 512 489 500 464 537 471 509 464 517 482 550 527 496 507 535 482 505 488 550 520 482 498 467 516 484 487 500 464
528 472 490 515 511 490 500 464 529 480 506 482 550 508 514 511 490 500 463 521 497 491 535 482 521 520 548 504 476 488 490 451 525 536 450 500 463 521 480 491 540 517 482 507 514 486 492 508 493 542 476 522 459 501 501 459 529 471 477 513 511 490 500 476 522 459 501 501 459 500 484 487 536 464
528 472 490 515 526 474 504 500 464 531 496 475 506 481 482 582 482 518 482 488 544 481 497 497 561 520 482 548 549 488 499 512 487 526 482 500 463 527 502 501 474 535 482 548 522 544 482 495 529 521 501 479 487 547 482 520 525 519 500 463
528 472 490 515 511 489 500 464 529 513 512 482 500 463 537 497 463 507 473 521 479 496 498 529 484 491 472 501 489 500 464 513 493 488 540 500 474 461 531 508 470 485 504 486 504 502 484 537 497 463 507 473 514 487 498 489 497 544 457 473 499 521 474 500 463 509 491 487 536 482 521 520 513 504 476 488 490 451 525 536 450 560 441 537 466 503 540 519 482 518 521 480 491 528 472 498 490 485 518 512 488 489 492 508 493 494 526 475 513 490 533 468 510 507 468 482 545 463 510 507 478 521 480 491 500 464
528 472 490 515 511 490 500 464 523 495 474 523 474 461 479 479 532 475 514 510 473 520 469 544 499 482 518 511 519 500 463 527 502 501 474 535 513 484 506 504 483 463 513 489 490 489 488 529 481 503 471 510 529 510 482 471 508 480 547 490 459 511 419 479 508 493 518 482 492 500 463 509 493 492 546 482 505 524 524 484 482 502 468 500 494 472 488 500 463 532 475 514 510 473 520 469 518 482 489 535 502 520 522 465 519 504 482 505 508 493 526 475 513 490 507 494 493 518 482 481 462 494 527 513 476 513 474 500 463 527 502 501 474 526 475 513 490 520 480 499 560 496 510 471 491 465 478 465 507 441 545 514 486 492 536 482 486 522 512 488 497 525 476 496 514 491 490 489 487 489 499
528 472 490 515 516 493 485 500 464 541 514 458 516 471 482 528 489 498 472 528 513 472 500 463 535 482 505 488 500 463 527 493 506 479 542 496 482 522 507 518 516 484 487 538 482 521 477 500 464 543 484 521 522 479 516 484 487 536 471 515 464 507 500 464
528 472 490 515 509 493 500 464 518 492 495 482 550 509 469 512 468 513 492 499 491 487 521 480 491 500 463 527 502 501 474 517 491 489 488 489 490 514 487 491 535 483 509 466 483 508 493 524 477 503 509 500 464 527 496 475 507 482 518 482 494 494 482 532 475 514 510 473 520 469 536 498 501 482 500 464
511 489 496 512 488 497 511 494 489 494 494 514 486 492 512 488 497 520 480 499 534 466 477 507 519 481 497 497 516 494 494 498 484 486 499 491 494 484 500 463 523 478 499 502 510 490 490 490 495 495 500 463 527 502 501 474 560 504 465 505 468 440 531 519 481 497 497 511 494 490 489 490 490 489 500 463 527 502 501 474 534 466 522 507 519 481 497 497 522 482 501 500 463 527 502 501 474 515 499 486 484 499 499 493 520 480 499 518 482 497 498 498 497 498 497 497 540 519 482 518 519 497 481 497 537 511 478 513 474 560 441 537 466 503 500 464
509 489 527 502 501 474 518 483 535 482 505 487 529 472 476 514 516 504 484 540 482 510 497 471 508 500 463 521 491 496 479 479 526 475 474 504 536 482 486 522 528 496 500 474 489 472 500 464 527 502 501 474 500 463 518 370 447 482 500 463 514 486 492 536 482 486 522 509 493 492 512 488 497 514 487 491 518 506 486 482 484 500 464 527 502 501 474 524 512 477 518 479 482 467 518 482 479 482 495 518 497 483 500 463 527 502 501 474 517 502 484 546 482 527 531 530 573 466 428 503 447 538 558 500 464
528 472 490 515 523 502 477 500 464 523 508 480 482 524 503 476 536 482 521 520 513 490 490 488 488 546 516 482 498 463 541 482 519 520 500 464
528 472 490 515 509 491 500 464 541 514 458 516 471 482 528 489 498 472 528 513 472 500 463 535 482 505 488 500 463 527 493 506 479 542 496 482 522 507 518 516 484 487 538 482 521 477 500 464 543 484 521 522 479 516 484 487 536 471 515 464 507 500 464
528 472 490 515 511 489 500 464 527 496 475 506 481 482 524 482 515 483 508 532 468 516 518 469 500 463 517 484 504 518 516 467 538 443 482 521 508 480 486 529 472 498 514 471 530 472 509 511 470 504 504 475 511 475 475 524 477 496 520 493 501 495 480 522 490 478 482 500 464
527 473 496
528 472 490 515 502 528 500 464 531 482 510 472 467 493 506 494 516 485 484 491 500 463 508 493 508 493 492 500 463 526 496 475 508 480 482 521 508 480 486 529 472 498 514 471 530 472 509 511 470 504 504 475 511 475 475 524 477 496 520 493 501 495 480 522 490 478 482 500 464
528 472 490 515 505 500 464 541 464 490 482 477 510 482 517 484 488 535 466 521 467 520 465 540 482 521 520 513 498 488 548 453 502 507 455 500 464
511 489 527 502 501 474 518 492 495 482 535 482 505 487 529 472 476 514 512 488 491 497 491 490 519 481 496 506 520 480 499 524 502 486 519 481 497 497 516 486 490 490 495 495 500 463 515 486 492 515 486 500 463 527 502 501 474 516 504 484 534 482 508 475 471 507 497 495 500 463 527 502 501 474 517 484 504 544 482 521 519 481 512 473 509 500 463 527 488 498 521 484 482 528 486 508 521 484 482 531 492 485 504 482 531 469 480 509 519 500 464
518 497 497 481 483 492 511 490 500 463 527 472 490 501 514 525 502 473 500 464
518 497 497 481 483 492 511 489 500 463 527 472 490 501 514 525 474 502 500 464
528 472 490 515 512 489 494 500 464 537 482 508 498 474 510 500 478 500 463 537 497 463 507 473 528 496 495 495 490 544 519 465 456 487 534 544 494 482 522 546 508 482 529 549 482 504 526 500 463 521 522 482 527 460 522 480 516 484 487 536 482 486 522 514 489 486 489 494 500 464
518 497 497 481 483 492 511 490 500 463 527 472 490 501 514 525 502 474 500 464
523 502 477 531 488 498 521 484 482 546 482 527 531 530 518 482 489 544 499 482 518 511 519 556 507 476 527 443 482 500 441 467 508 536 482 500 463 527 502 501 474 535 482 505 487 511 490 500 463 573 482 517 550 537 533 509 469 512 468 542 490 542 476 522 459 501 501 459 522 479 499 508 485 500 464 540 519 482 518 520
518 493 484 527 502 501 474 518 482 535 482 505 487 529 472 476 514 511 490 500 463 541 482 518 535 482 521 520 551 504 476 488 490 451 525 536 450 500 463 521 480 491 534 517 482 507 514 486 492 508 493 542 476 522 459 501 501 459 529 471 506 514 476 512 488 497 520 480 499 516 502 485 487 519 481 497 497 506 494 521 460 490 489 465 479 500
528 472 490 515 511 490 500 464 529 513 512 482 500 463 537 497 463 507 473 521 479 496 498 529 484 491 472 501 489 500 464 513 498 488 540 500 474 461 531 508 470 485 504 486 504 502 484 537 497 463 507 473 514 487 498 489 497 544 457 473 499 521 474 500 463 535 464 492 514 477 537 497 463 507 473 534 482 521 520 500 504 476 488 490 451 525 536 450 500 471 507 500 464
528 472 490 515 521 503 479 500 464 525 510 475 513 480 482 524 503 476 536 464 473 510 544 509 460 456 519 524 481 497 499 476 500 464 542 482 527 501 500 464 534 493 509 468 466 524 503 476 527 513 493 482 533 467 503 511 473 500 464
528 472 490 515 512 489 500 464 531 492 498 521 484 482 524 503 476 536 482 521 520 513 490 490 488 488 546 516 482 498 463 541 482 519 520 500 464 482 482 480 461 494 503 476 493 484 491 489 528 506 473 481 499 518 482 486 515 532 522 498 507 469 500 464
518 481 497 527 502 501 474 511 490 535 482 505 487 529 472 476 514 516 504 484 540 482 510 497 471 508 500 463 521 491 496 479 479 526 475 474 504 536 482 486 522 528 496 500 474 489 472 500 464 527 502 501 474 500 463 518 370 447 482 500 464
528 472 490 515 511 489 500 464 536 513 512 482 500 463 537 497 463 507 473 521 479 496 498 529 484 491 472 501 489 500 464 513 498 488 540 500 474 461 531 508 470 485 504 486 504 502 484 537 497 463 507 473 514 487 498 489 497 544 457 473 499 521 474 500 463 524 475 508 514 477 537 497 463 507 473 534 482 521 520 500 464
528 472 490 515 512 489 500 464 536 513 464 517 471 482 550 463 528 497 463 507 473 521 491 490 498 529 484 491 472 501 489 500 464 513 493 482 500 463 528 485 472 506 538 464
528 472 477 502 519 500 464 518 482 493 494 500 463 545 497 477 507 473 521 494 490 495 491 545 525 518 457 464 482 524 484 482 502 468 500 494 472 488 540 519 482 518 523 499 500 478 517 505 484 530 471 497 520 501 527 502 501 474 517 505 484 541 504 470 519 459 516 472 520 475 500 463 509 493 492 546 482 505 524 524 484 482 502 468 500 494 472 488 500 464
511 490 521 475 454 486 461 479 479 532 475 514 510 473 520 469 544 499 482 518 511 519 527 502 501 474 538 513 484 506 504 483 463 513 489 490 489 488 529 481 503 471 510 529 510 482 471 508 480 544 505 467 524 468 456 519 500 463 527 502 501 474 529 510 482 471 508 480 547 490 459 511 419 479 508 493 518 482 494 494 482 500 464 529 513 512 482 500 463 532 475 514 510 473 520 469 518 482 489 535 502 520 522 465 519 504 482 505 508 493 526 475 513 490 507 494 493 518 482 481 462 494 527 513 476 513 474 500 464
528 472 490 515 512 489 500 464 541 495 474 506 481 482 535 482 521 520 513 490 490 488 488 546 518 482 494 494 482 500 463 521 480 491 535 509 469 512 468 542 476 522 459 501 501 459 532 492 513 507 500 464
518 497 497 481 483 492 508 493 500 463 527 472 490 501 514 508 493 500 464
528 503 473 515 472
528 472 490 515 512 491 500 464 526 496 475 508 480 482 550 482 502 468 500 494 472 488 540 519 482 518 500 463 517 484 488 551 504 476 488 490 451 525 536 450 500 463 570 482 517 550 537 533 509 469 512 468 542 476 522 459 501 501 459 529 471 506 514 476 512 488 497 520 480 499 516 502 485 487 519 481 497 497 506 494 521 460 490 489 465 479 500 464
527 497 482 492 491 496 496 496 496
537 464 490 515 512 490 500 464 537 495 474 523 498 482 535 482 505 487 529 472 476 514 512 490 573 520 482 548 549 488 499 512 487 526 482 500 463 521 480 491 535 482 521 520 551 504 476 488 490 451 525 536 450 560 441 537 466 503 540 519 482 518 523 487
528 472 490 515 511 490 500 464 529 513 512 482 500 463 537 497 463 507 473 521 479 496 498 529 484 491 472 501 489 500 464 513 498 488 540 500 474 461 531 508 470 485 504 486 504 502 484 537 497 463 507 473 514 482 521 520 516 504 476 488 490 451 525 536 450 560 441 537 466 503 540 519 482 518 520 480 499 544 499 482 518 511 519 540 482 517 514 486 492 528 463 524 487 491 518 482 491 486 528 472 498 490 485 518 525 476 502 500 464
518 450 468 492 503 529 500 464 518 482 495 491 500 463 545 489 487 526 482 512 491 489 488 489 490 540 519 482 513 498 488 548 453 502 507 455 500 464
518 370 490 515 511 489 500 464 541 514 458 516 471 482 550 503 487 502 482 512 491 489 488 489 490 540 519 482 513 498 488 548 453 502 507 455 500 464 568 482 545 521 535 482 505 487 500 463 500 518 480 524 456 458 479 480 500 513 493 482 500 476 522 459 501 501 459 500 464
528 472 490 515 511 488 500 464 541 514 458 516 471 482 550 503 527 502 527 482 512 491 489 488 489 490 540 519 482 513 498 488 548 453 502 507 455 500 464 568 482 545 521 535 482 505 487 500 463 500 518 480 524 456 458 479 480 500 513 493 482 500 476 522 459 501 501 459 500 464
511 490 527 502 501 474 518 482 492 533 509 469 512 468 513 492 499 491 487 521 480 491 500 463 521 480 491 500 463 527 502 501 474 512 491 489 488 489 490 514 487 491 535 483 509 466 483 508 493 524 477 503 509 500 464 526 496 475 507 482 518 482 494 494 482 532 475 514 510 473 520 469 511 490 527 513 493 482 519 497 480 525 480 491 500 464
511 488 527 502 501 474 511 490 535 466 499 511 477 516 485 495 500 495 500 500 495 485 500 463 525 476 512 536 482 486 522 500 463 515 500 500 500 485 500 500 546 482 505 524 500 463 517 505 484 540 482 521 517 537 482 508 498 474 510 500 478 500 464 540 519 482 518 515 485 533 468 507 484 511 525 482 491 515 476 518 482 492 525 482 492 482 515 478 529 482 479 507 500 463 527 502 501 474 515 485 532 482 510 498 536 482 518 520 519 543 482 476 520 459 527 502 501 474 546 482 523 475 454 480 527 452 500 463 518 470 482 482 513 487 492 492 492 492 491 487
512 488 527 502 501 474 518 492 498 497 492 492 482 535 482 505 487 529 472 476 514 512 488 496 497 500 463 521 491 496 479 479 526 475 474 504 536 482 486 522 528 496 500 474 489 472 500 464 527 502 501 474 500 463 527 502 501 474 517 505 484 541 504 470 519 459 516 472 520 475 500 463 514 493 492 512 482 505 524 524 484 482 502 468 500 494 472 488 500 463 527 474 497 497 522 492 484 482 497 492 500 464
518 481 502 527 502 501 474 515 485 518 507 473 523 460 518 474 517 473 535 466 499 511 477 540 502 466 479 502 528 487 458 519 481 497 497 571 556 482 520 538 500 463 527 502 501 474 540 502 466 479 502 528 487 458 519 481 497 497 574 546 513 482 536 500 464
528 472 490 515 511 490 500 464 529 513 512 482 500 463 537 497 463 507 473 521 479 496 498 529 484 491 472 501 489 500 464 513 498 488 540 500 474 461 531 508 470 485 504 486 504 502 484 537 497 463 507 473 514 487 498 489 497 544 457 473 499 521 474 500 463 524 503 485 525 476 496 514 487 500 464
528 472 490 515 512 489 500 464 536 496 506 482 527 513 493 482 535 482 505 488 513 498 488 550 520 482 498 467 516 484 487 500 464 537 482 524 523 482 500 463 521 480 491 535 482 505 488 544 519 465 456 487 534 518 479 482 467 500 463 516 484 487 515 489 486 490 494 500 464 537 497 463 507 473 537 464 507 476 510 500 463 461 505 516 471 501 479 487 533 502 477 504 467 500 464
528 472 490 515 526 474 506 500 464 541 514 458 516 471 482 485 494 494 494 508 487 462 468 500 463 485 464 522 486 505 495 474 513 491 500 463 528 485 472 506 500 464
508 493 520 480 499 543 516 522 482 527 534 482 522 515 527 513 493 482 548 489 452 496 526 515 478 526 475 513 490 520 499 499 499 494 484 480 500 463 525 482 492 482 515 478 519 481 494 495 495 506 532 469 512 500 473 526 475 513 490 519 496 482 496 507 494 493 525 510 475 505 482 500 463 530 471 475 510 547 484 465 454 477 524 526 533 467 503 481 511 500 464 527 502 501 474 528 472 477 513 511 490 534 482 522 515 575 473 502 426 451 555 535 519 481 497 497 529 472 498 514 471 500 464
528 472 490 515 511 490 500 464 523 508 479 503 478 482 500 463 521 480 491 531 501 512 470 533 475 513 508 468 515 500 500 500 485 500 500 485 530 471 475 510 536 465 471 511 517 515 485 500 494 500 499 500 498 499 499 500 464
528 472 490 515 512 491 500 464 535 471 498 521 484 482 550 503 514 527 502 527 482 512 491 489 488 489 490 540 519 482 513 498 488 540 453 502 507 455 500 464
551 449 513 464 493 493
528 472 490 515 526 474 504 500 464 541 514 474 516 471 482 485 494 494 494 508 487 462 468 500 463 485 464 522 486 505 495 474 513 491 500 463 528 493 485 545 482 505 487 500 464
518 481 497 527 502 501 474 518 497 496 497 497 481 483 483 535 498 466 513 481 512 488 497 520 482 498 504 495 500 464 527 502 501 474 515 500 473 516 497 536 482 486 522 523 463 517 505 484 530 471 483 497 500 463 527 502 501 474 517 505 484 541 504 470 519 459 516 472 520 475 500 463
528 472 490 515 526 475 505 500 464 525 495 474 506 481 482 524 482 486 522 556 507 476 527 443 482 500 463 527 502 501 474 535 482 505 487 529 472 476 514 511 490 496 495 490 490 500 463 527 502 501 474 535 482 508 498 474 510 500 478 500 464
528 472 490 515 523 501 477 500 464 518 480 454 486 461 479 479 533 475 514 510 473 520 469 500 520 482 500 500 463 532 485 504 497 463 507 473 540 504 470 488 490 451 525 536 450 500 464
528 472 490 515 511 489 500 464 541 514 458 516 471 482 550 503 514 527 502 527 482 512 491 489 488 489 490 540 519 482 513 498 488 548 453 502 507 455 500 464 525 482 545 521 535 482 505 487 500 463 500 518 480 524 456 458 479 480 500 513 493 482 500 476 522 459 501 501 459 500 464
518 481 497 527 502 501 474 518 492 492 497 497 492 492 482 500 463 527 502 501 474 518 497 492 491 497 512 490 500 463 527 502 501 474 518 505 484 537 482 499 493 518 488 492 497 492 490 548 470 500 464
511 489 527 502 501 474 515 485 536 511 505 465 475 520 480 499 544 507 473 523 460 518 474 517 473 542 496 482 524 484 482 502 468 500 494 472 488 540 519 482 518 523 499 500 478 517 505 484 530 471 497 520 501 527 502 501 474 517 505 484 541 504 470 519 459 516 472 520 475 500 463 527 502 501 474 511 490 500 463 518 482 492 525 482 492 482 515 478 529 482 479 507 500 463 527 502 501 474 515 485 532 482 510 498 536 482 518 520 519 543 482 476 520 459 527 502 501 474 546 482
528 472 490 515 511 490 500 464 529 513 512 482 500 463 537 497 463 507 473 521 479 496 498 529 484 491 472 501 489 500 464 513 498 488 540 500 474 461 531 508 470 485 504 486 504 502 484 537 482 521 520 551 504 476 488 490 451 525 536 450 560 441 537 466 503 540 519 482 518 521 479 499 508 485 500 464 540 519 482 518 521 480 491 500 464 529 513 512 482 500 463 524 477 491 528 472 498 490 485 518 512 488 489 492 508 493 494 526 475 513 490 533 468 510 507 468 482 545 463 510 507 478 521 480 491 500 464 526 479 474 491 476 510 495 515 532 475 514 510 473 520 469 521 480 491 508 493 494 527 513 493 482 519 497 481 497 552 503 449 469 537 511 490 500 464
528 472 490 515 521 503 479 500 464 525 482 492 482 515 478 529 472 476 514 511 490 500 463 521 480 491 531 482 515 486 488 533 504 476 488 490 451 525 536 450 500 463 521 482 521 520 551 504 476 488 490 451 525 536 450 527 513 493 482 533 471 522 459 501 501 459 500 464
518 483 477 502 519 500 464 520 464 490 482 477 510 482 517 484 488 523 477 493 479 516 486 494 499 499 484 494 493 499 494 499 484 494 500 463
528 472 490 515 511 489 500 464 541 514 498 521 484 482 524 503 476 534 482 521 520 513 490 490 488 488 546 516 482 494 463 541 482 519 520 500 464 482 482 480 461 494 503 476 493 484 491 489 528 506 473 481 499 518 482 486 485 487 503 538 482 517 518 493 501 500 464
528 472 490 515 509 491 500 464 525 495 474 506 481 482 524 503 476 536 482 521 520 513 490 490 488 488 546 516 482 494 463 541 482 519 520 500 464
528 472 490 515 509 491 500 464 525 482 492 480 513 482 524 503 476 536 482 521 520 513 490 490 488 488 546 516 482 494 463 541 482 519 520 500 464 537 463 510 507 478 519 504 482 505 544 499 482 518 511 519 500 464
518 483 503 527 502 501 474 511 490 549 482 527 531 530 518 482 489 544 499 482 518 511 519 556 507 476 527 443 482 500 441 467 508 536 482 500 463 527 502 501 474 535 482 505 487 511 490 500 463 573 482 517 550 537 533 509 469 512 468 559 476 522 459 501 501 459 522 479 499 508 485 500 464 540 519 482 518 520 480 499 544 499 482 518 511 519 540 482 517 514 486 492 511 490 537 463 488 488 507 526 475 513 490 561 520 482 548 557 482 545 526 509 519 481 497 497 561 520 482 548 549 482
528 472 490 515 511 490 500 464 529 513 512 482 500 463 537 497 463 507 473 521 479 496 498 529 484 491 472 501 489 500 464 513 498 488 540 500 474 461 531 508 470 485 504 486 504 502 484 537 497 463 507 473 514 487 498 489 497 544 457 473 499 521 474 500 463 524 503 485 525 499 489 540 502 479 521 479 514 511 476 500 520 482 500 500 502 479 500 497 508 521 496 523 482 500 464
528 472 490 515 511 490 500 464 523 508 479 503 478 482 500 463 521 480 491 531 501 512 470 533 475 513 508 468 515 500 500 500 485 500 500 485 530 471 475 510 536 465 471 511 517 515 485 500 494 500 499 500 498 499 499 500 464
528 472 490 515 512 489 500 464 541 514 458 516 471 482 528 513 493 482 535 482 505 488 513 498 488 550 520 482 498 467 516 484 487 500 464
528 472 490 515 511 490 500 464 523 482 498 504 495 532 522 498 507 469 500 494 490 495 491 545 525 518 457 464 482 500 463 521 480 491 540 519 482 518 523 499 500 478 517 505 484 530 471 497 520 501 527 502 501 474 529 482 498 465 506 473 534 482 521 520 513 487 496 513 494 493 525 482 508 498 474 510 500 478 500 463 509 466 507 476 510 500 463 540 519 482 518 521 480 491 528 472 498 490 485 518 512 488 489 492 508 493 494 526 475 513 490 533 468 510 507
528 472 490 515 511 490 500 464 523 508 479 503 478 482 528 463 521 480 491 531 482 515 483 508 531 468 516 518 469 500 463 521 480 491 516 485 495 493 528 486 489 516 499 485 500 494 500 464
527 502 473 536 482 486 522 522 477 532 490 485 489 490 489 528 503 467 500 463 522 502 501 474 529 472 467 511 485 476 482 517 499 483 486 487 518 482 488 536 485 496 536 463 476 488 490 451 525 536 450 560 463 527 502 501 474 517 482 467 536 482 486 522 509 493 492 537 482
528 472 490 515 518 484 500 464 518 497 497 482 492 491 500 463 527 472 490 501 514 518 481 502 500 464
528 472 490 515 512 491 500 464 529 472 498 514 471 544 499 502 527 482 512 491 489 488 489 490 540 519 482 513 498 488 548 453 502 507 455 500 464 568 482 545 521 535 482 505 487 500 463 500 518 480 524 456 458 479 480 500 513 493 482 500 476 522 459 501 501 459 500 464
528 472 477 502 519 529 500 464 533 476 474 518 502 482 597 482 571 537 519 553 549 488 499 512 487 526 482 500 463 517 484 488 551 504 476 488 490 451 525 536 450 500 463 570 482 523 547 534 482 521 520 551 504 476 488 490 451 525 536 450 560 441 537 466 503 540 519 482 518 525 476 496 564 520 437 504 486 500 464
528 472 490 515 526 474 505 500 464 541 514 458 516 471 482 485 494 494 494 508 487 462 468 500 463 485 464 522 486 505 495 474 513 491 500 463 528 485 472 506 500 464
528 472 490 515 511 490 500 464 529 513 512 482 500 463 537 497 463 507 473 521 479 496 498 529 484 491 472 501 489 500 464 513 498 488 540 500 474 461 531 508 470 485 504 486 504 502 484 537 497 463 507 473 514 487 498 489 497 544 457 473 499 521 474 500 463 524 475 491 514 476 518 482 494 494 482 500 464
528 472 490 515 512 490 500 464 518 492 491 523 498 535 482 505 487 529 472 476 514 512 488 496 497 500 463 521 480 491 517 482 515 483 508 537 474 489 500 463 521 480 491 535 482 521 520 551 504 476 488 490 451 525 536 450 560 441 537 466 503 540 519 482 518 515 485 500 464
528 472 490 515 511 490 500 464 541 496 491 523 498 479 519 465 456 487 534 489 492 491 483 486 472 505 451 536 497 463 507 473 482 519 470 507 500 464
528 472 490 515 511 489 500 464 541 514 458 516 471 482 550 518 484 472 528 513 472 500 463 535 482 505 488 500 463 527 493 506 479 542 496 482 522 507 518 516 484 487 538 482 521 477 500 464 543 484 521 522 479 516 484 487 536 471 515 464 507 500 464
509 493 527 502 501 474 518 486 489 482 535 482 505 487 529 472 476 514 512 491 496 495 490 490 500 463 541 482 518 535 520 482 508 493 537 474 512 505 463 540 460 516 486 544 456 481 486 518 500 464 543 519 510 518 478 510 474 482 512 488 497 519 481 494 495 495 506 500 463 527 502 501 474 523 478 511 534 482 515 489 461 487 496 510 500 464
528 472 490 515 511 490 500 464 523 508 479 503 478 482 500 463 521 480 491 531 501 512 470 533 475 513 508 468 515 500 500 500 485 500 500 485 530 471 475 510 536 465 471 511 517 515 485 500 494 500 499 500 498 499 499 500 464
528 472 490 515 509 491 500 464 536 464 514 482 550 463 537 497 463 507 473 521 479 496 498 529 484 491 472 501 489 500 464 513 493 488 540 500 474 461 531 508 470 485 504 486 504 502 484 537 497 463 507 473 514 487 498 489 497 544 457 473 499 521 474 500 463 524 482 492 482 521 480 491 534 482 521 520 551 504 476 488 490 451 525 536 450 560 441 537 466 503 540 519 482 518 520 497 480 525 482 500 464
528 472 490 515 511 490 500 464 529 513 512 482 500 463 537 497 463 507 473 521 479 496 498 529 484 491 472 501 489 500 464 513 498 488 540 500 474 461 531 508 470 485 504 486 504 502 484 537 497 463 507 473 514 487 498 489 497 544 457 473 499 521 474 500 464
528 472 490 515 511 488 500 464 541 514 458 516 471 482 528 489 498 472 528 513 472 500 463 535 482 505 488 500 463 527 493 506 479 542 496 482 522 507 518 516 484 487 538 482 521 477 500 464 527 482 522 507 518 516 484 487 536 471 515 464 507 500 464
528 472 490 515 512 491 500 464 536 495 474 518 482 482 550 482 527 443 482 512 491 489 488 489 490 540 519 482 513 498 488 548 453 502 507 455 500 464
528 472 490 515 512 490 500 464 512 495 474 523 498 482 535 482 505 487 500 472 476 514 512 488 496 497 500 463 545 466 509 508 455 482 521 508 480 486 537 464 471 511 517 537 463 492 490 496 496 495 489 500 463 512 488 497 560 504 465 505 468 440 531 519 481 497 497 511 494 490 489 490 490 489 500 463
521 503 479 527 502 501 474 511 490 534 482 521 520 510 494 490 495 490 519 481 497 497 508 493 494 556 507 476 527 443 482 500 463 527 502 501 474 521 482 518 511 519 534 482 522 515 538 463 492 508 493 534 482 522 515 542 513 493 482 533
540 493 482 493 493 493 487 493 493 493
528 472 490 515 512 489 500 464 536 495 474 506 481 482 535 482 505 488 529 472 476 514 511 488 496 497 500 463 545 497 463 507 473 548 504 476 488 490 451 525 536 450 500 463 540 482 523 547 534 482 521 520 551 504 476 488 490 451 525 536 450 560 441 537 466 503 540 519 482 518 525 476 496 564 520 437 504 486 500 464
528 472 490 515 511 493 500 464 541 514 458 516 471 482 528 489 498 472 528 513 472 500 463 535 482 505 488 500 463 521 507 491 479 533 502 482 522 507 518 516 484 487 538 482 521 477 500 464 543 484 521 522 479 516 484 487 536 471 515 464 507 500 464
528 472 490 515 511 490 500 464 523 485 492 482 500 463 537 497 463 507 473 521 479 496 498 529 484 491 472 501 489 500 464 513 498 488 540 500 474 461 531 508 470 485 504 486 504 502 484 537 482 521 520 551 504 476 488 490 451 525 536 450 560 441 537 466 503 540 519 482 518 525 476 496 564 520 437 504 486 500 464
528 472 490 515 511 490 500 464 518 492 500 482 500 463 537 497 463 507 473 521 479 496 498 529 484 491 472 501 489 500 464 513 493 482 518 470 482 482 500 463 521 491 500 478 514 505 484 530 471 497 520 501 514 486 492 518 482 486 522 514 487 493 516 481 485 520 481 499 526 499 482 474 543 514 522 495 458 474 500 464
528 472 490 515 511 490 500 464 529 513 512 482 500 463 537 497 463 507 473 521 479 496 498 529 484 491 472 501 489 500 464 513 498 488 540 500 474 461 531 508 470 485 504 486 504 502 484 537 497 463 507 473 514 487 498 489 497 544 457 473 499 521 474 500 463 524 481 491 514 477 537 497 463 507 473 534 482 521 520 500 464
528 472 490 515 512 491 500 464 523 508 480 508 480 482 535 482 505 487 500 463 521 480 491 535 482 486 522 524 502 479 500 498 479 521 500 480 500 463 521 480 491 535 517 482 507 514 486 492 508 493 521 476 522 459 501 501 459 529 471 506 514 476 512 488 497 520 480 499 516 502 485 487 519 481 497 497 506 494 521 460 490 489 465 479 500 463 540 519 482 518 521 480 491 528 472 498 490 485 518 512 488 489 492 508 493 494 526 475 513 490 533 468 510 507 468 482 537 463 510 507 478 521 480 491 500 464 526 479 474 491 476 510 495 515 532 475 514 510 473 520 469 521 480 491 508 493 494 527 513 493 482 519 497 481 497 552 503 449 469 537 511 490 500 464
528 472 490 515 511 490 500 464 533 496 475 507 482 569 482 451 523 554 431 524 511 476 511 476 500 463 537 482 508 498 474 510 500 478 500 464 540 519 482 518 523 499 500 478 517 505 484 530 471 497 520 501 527 502 501 474 537 522 484 541 504 470 519 459 516 472 520 475 500 464
528 472 490 515 521 503 479 500 464 531 469 479 502 484 510 569 482 451 523 554 431 524 511 476 511 476 500 463 482 510 497 471 508 500 464
518 481 502 527 502 501 474 511 490 535 482 505 487 529 472 476 514 511 490 500 463 521 480 491 540 482 522 507 518 525 482 486 522 509 493 488 497 496 497 491 490 519 481 503 532 492 489 468 494 500 516 469 512 488 497 525 476 496 514 486 528 503 473 534 482 521 520 551 504 476 488 490 451 525 536 450 560 441 537 466 503 540 519 482 518 520 480 499 560 504 465 505 468 440 531 500 464
528 472 490 515 511 490 500 464 529 495 474 508 480 482 528 482 521 520 513 498 490 495 491 545 525 518 457 464 482 500 463 521 480 491 535 463 521 520 551 449 467 508 472 524 459 521 500 480 500 464
528 472 490 515 511 490 500 464 523 508 479 503 478 482 500 463 521 480 491 531 501 512 470 533 475 513 508 468 515 500 500 500 485 500 500 485 530 471 475 510 536 465 471 511 517 515 485 500 494 500 499 500 498 499 499 500 464
528 472 490 515 511 489 500 464 537 513 512 482 500 463 537 497 463 507 473 521 479 496 498 529 484 491 472 501 489 500 464 513 498 488 540 500 474 461 531 508 470 485 504 486 504 502 484 537 497 463 507 473 514 487 498 489 497 544 457 473 499 521 474 500 464
528 472 490 515 511 490 500 464 523 508 479 503 478 482 500 463 521 480 491 531 501 512 470 533 475 513 508 468 515 500 500 500 485 500 500 485 530 471 475 510 536 465 471 511 517 515 485 500 494 500 499 500 498 499 499 500 464
525 476 507 527 502 501 474 518 492 498 497 492 497 496 482 534 482 505 487 500 472 476 514 512 488 491 497 491 490 519 481 497 500 463 527 502 501 474 521 482 500 520 480 499 549 488 499 512 487 526 482 500 463 527 502 501 474 525 499 504 534 482 521 520 551 504 476 488 490 451 525 536 450 560 441 537 466 503 540 519 482 518 520 480 499 560 504 465 505 468 440 531 500 464
528 472 490 515 526 474 504 500 464 541 514 458 516 471 482 528 485 494 494 494 508 487 462 468 500 463 482 496 488 497 496 490 500 463
511 490 527 502 501 474 511 490 535 466 499 511 477 516 485 495 500 495 500 500 495 485 500 463 525 476 512 536 482 486 522 500 463 515 500 500 500 485 500 500 546 482 505 524 500 463 517 505 484 540 482 521 517 537 482 508 498 474 510 500 478 500 464 540 519 482 518 515 485 533 468 507 484 511 525 482 491 515 476 518 482 492 525 482 492 482 515 478 529 482 479 507 500 463 527 502 501 474 515 485 532 482 510 498 536 482 518 520 519 543 482 476 520 459 527 502 501 474 546 482 523 475 454 480 527 452 500 463 518 470 482 482 513 487 492 492 492 492 491 487 492 500 463 522 492 488 479 515 485 518 482 492 527 502 501 474
528 472 490 515 511 490 500 464 518 480 454 486 461 479 479 532 475 514 510 473 520 469 500 520 482 498 467 516 484 487 500 464
509 491 527 502 501 474 518 482 494 494 482 535 482 505 487 534 502 519 466 544 514 482 512 488 497 582 482 554 546 519 536 482 500 463 509 493 492 500 463 521 480 491 540 517 482 507 514 486 492 508 493 542 476 522 459 501 501 459 529 471 506 514 476 512 488 497 520 480 499 516 502 485 487 519 481 497 497 506 494 521 460 490 489 465 479 500
528 472 490 515 526 502 473 500 464 541 514 458 516 471 482 485 494 494 494 508 487 462 468 500 463 485 464 522 486 505 495 474 513 491 500 463 528 485 472 506 500 464
528 472 490 515 509 493 500 464 541 514 458 516 471 482 528 489 498 472 528 513 472 500 463 535 482 505 488 500 463 521 491 488 479 542 496 482 522 507 518 516 484 487 538 482 521 477 500 464 543 484 521 522 479 516 484 487 536 471 515 464 507 500 464
528 472 490 515 511 490 500 464 541 508 479 503 478 482 500 463 521 480 491 531 501 512 470 533 475 513 508 468 515 500 500 500 485 500 500 485 530 471 475 510 536 465 471 511 517 515 485 500 494 500 499 500 464
528 472 490 515 511 488 500 464 526 496 475 508 480 482 550 503 476 534 482 521 520 513 490 490 488 488 546 516 482 494 463 541 482 519 520 500 464
528 472 490 515 511 488 500 464 527 502 501 474 524 503 475 530 503 476 536 482 521 520 513 494 490 495 491 524 512 477 500 463 527 502 501 474 517 505 484 544 482 521 519 481 512 473 509 500 463 527 502 501 474 514 487 489 491 527 502 501 474 516 504 484 559 482 518 519 500 482 518 520 519 516 502 479 511 490 500 464
527 474 506 527 502 501 474 535 482 505 487 529 472 476 514 516 495 500 495 485 500 463 521 491 496 479 479 526 475 474 504 536 482 486 522 546 537 482 486 522 528 496 500 474 489 472 500 464 527 502 501 474 500 463 518 370 447 482 500 463 514 486 492 536 482 486 522 509 493 492 512 488 497 514 487 491 518 506 486 482 484 500 464
528 472 490 515 511 489 500 464 541 514 458 516 471 482 528 489 498 472 528 513 472 500 463 535 482 505 488 500 463 521 484 491 500 463 521 480 491 515 485 495 493 538 511 463 515 474 500 463 521 484 491 537 482 486 522 532 496 463 507 473 528 482 521 520 551 504 476 488 490 451 525 536 450 560 441 537 466 503 540 519 482 518 520 480 499 544 499 482 518 511 519 528 464
523 476 501 527 502 501 474 511 490 520 507 473 523 460 518 474 517 473 535 466 499 511 477 540 502 466 479 502 528 487 458 519 481 497 497 571 556 482 520 538 500 463 527 502 501 474 540 502 466 479 502 528 487 458 519 481 497 497 574 546 513 482 536 500 463 527
528 472 490 515 512 491 500 464 541 514 458 516 471 482 550 503 514 527 502 527 482 512 491 489 488 489 490 540 519 482 513 498 488 548 453 502 507 455 500 464 568 482 545 521 535 482 505 487 500 463 500 518 480 524 456 458 479 480 500 513 493 482 500 476 522 459 501 501 459 500 464
528 472 490 515 511 490 500 464 541 514 458 516 471 482 528 489 498 472 528 513 472 500 463 535 498 491 515 485 495 493 513 498 488 540 500 474 461 531 508 470 485 504 486 504 502 484 537 497 463 507 473 514 482 500 500 502 479 516 484 487 536 482 486 522 514 487 486 489 494 500 464 528 496 475 507 482 518 482 494 494 482 500 464
518 497 497 481 483 492 511 490 500 463 527 472 490 501 514 523 477 502 500 464
528 472 490 515 511 490 500 464 523 508 479 503 478 482 500 463 521 480 491 531 501 512 470 533 475 513 508 468 515 500 500 500 485 500 500 485 530 471 475 510 536 465 471 511 517 515 485 500 494 500 499 500 498 499 499 500 464
528 472 490 515 511 489 500 464 525 482 515 483 508 500 490 500 463 521 464 507 477 514 477 500 540 482 512 500 463 526 496 475 508 480 482 521 508 480 486 534 482 521 520 551 504 476 488 490 451 525 536 450 560 441 537 466 503 540 519 482 518 525 510 475 500 522 501 473 481 499 519 481 497 497 517 484 504 500 464
513 487 496 512 488 497 511 494 489 494 494 514 486 492 512 488 497 520 480 499 534 466 477 507 519 481 497 497 516 494 494 498 484 486 499 491 494 484 500 463 523 478 499 502 510 490 490 490 495 495 500 463 512 488 497 560 504 465 505 468 440 531 519 481 497 497 511 494 490 489 490 490 489 500 463 514 486 492 522 478 491 499 492 515 486 488 491 522 502 479 534 466 477 507 519 481 497 497 516 499 486 484 499 499 493 520 480 499 518 482 497 498 498 497 498 497 497 540 519 482 518 519 497 481 485 496 519 481 497 497 527 511 478 513 474 560 441 537 466 503 500 464
528 472 490 515 509 491 500 464 541 488 498 521 484 482 546 482 527 531 530 518 482 489 544 499 482 518 511 519 556 507 476 527 443 482 500 463 527 502 501 474 535 482 505 487 511 490 500 463 573 482 517 550 537 533 509 469 512 468 542 490 542 476 522 459 501 501 459 500 479 499 508 485 500 464 540 519 482 518 520 480 499 544 499 482 518 511 519 540 482 517 514 486 492 511 490 537 463 488 488 507 526 475 513 490 561 520 482 548 557 482 545 526 509 519 481
528 472 490 515 526 474 504 500 464 541 514 458 516 471 482 485 494 494 494 508 487 462 468 500 463 482 486 522 500 464
551 449 467 491 502 528 500 464 533 476 474 518 502 482 597 482 571 537 519 553 549 488 499 512 487 526 482 500 463 517 484 488 551 504 476 488 490 451 525 536 450 500 463 570 482 523 547 534 482 521 520 551 504 476 488 490 451 525 536 450 560 441 537 466 503 540 519 482 518 525 476 496 564 520 437 504 486 500 464
528 472 490 515 511 490 500 464 529 513 512 482 500 463 537 497 463 507 473 521 479 496 498 529 484 491 472 501 489 500 464 513 498 488 540 500 474 461 531 508 470 485 504 486 504 502 484 537 497 463 507 473 514 487 498 489 497 544 457 473 499 521 474 500 463 524 475 508 514 477 537 497 463 507 473 534 482 521 520 500 520 482 500 500 502 479 500 497 508 521 496 523 482 500 464
528 472 490 515 502 500 464 529 514 474 517 471 482 550 503 514 527 502 527 482 512 491 489 488 489 490 540 519 482 513 498 488 548 453 502 507 455 500 464 568 482 545 521 535 482 505 487 500 463 500 518 480 524 456 458 479 480 500 513 493 482 500 476 522 459 501 501 459 500 464
527 472 497 487 513
513 487 489 527 502 501 474 511 490 518 492 482 534 502 519 466 516 499 486 484 499 499 493 512 488 497 520 480 499 537 504 463 516 474 519 481 497 497 520 480 499 529 472 498 514 471 519 481 497 497 520 480 499 560 504 465 505 468 440 531 500 463 535 482 505 487 500 463 521 475 454 486 461 479 479 533 482 512 515 485 534 482 521 520 522 478 503 514 486 492 500 463 521 480 491 513 487 501 492 515 485 500 463 535 479 523 521 480 491 500 464 521 480 491 534 482 521 520 526 501 474 515 485 516 485 484 491 540 519 482 518 520 480 499 558 503 468 531 443 475 504 500 463 511 490 496 495 514 486 492 519 481 497 497 521 480 491 500 463 527 502 501 474 521 480 491 534 482 521 520 527 511 478 513 474 514 487 491 539 461 505 516 471 527 504 474 483 512 500 464
528 472 490 515 502 530 500 464 518 476 474 518 502 482 597 482 571 537 519 553 549 488 499 512 487 526 482 500 463 517 484 488 551 504 476 488 490 451 525 536 450 500 463 570 482 523 547 534 482 521 520 551 504 476 488 490 451 525 536 450 560 441 537 466 503 540 519 482 518 520 512 500 464 540 519 482 518 520 480 499 544 499 482 518 511 519 540 482 517 514 486 492 508 493 537 463 497 490 485 518 512 488 489 492 508 493 494 526 475 513 490 533 468 510 507 468 482 537 463 510 507 478 521 480 491 500 464
528 472 490 515 511 489 500 464 541 514 458 516 471 482 528 489 498 472 528 513 472 500 463 535 502 484 540 482 519 500 463 527 493 506 479 542 496 482 522 507 518 516 484 487 538 482 521 520 500 504 476 488 490 451 525 536 450 560 441 537 466 503 540 519 482 518 515 485 500 464
528 472 490 515 511 489 500 464 536 496 506 482 527 513 493 482 535 482 505 488 513 498 488 550 520 482 498 467 516 484 487 500 464 537 482 524 523 482 500 463 521 480 491 535 482 505 488 540 519 465 456 487 534 518 479 482 467 500 463 516 484 487 515 489 486 490 494 500 464
528 472 490 515 511 490 500 464 518 492 475 482 500 463 537 497 463 507 473 521 479 496 498 529 484 491 472 501 489 500 464 513 498 488 540 500 474 461 531 508 470 485 504 486 504 502 484 537 497 463 507 473 514 482 502 468 500 494 472 488 500 517 537 482 508 498 474 510 500 478 500 464
528 472 490 515 511 490 500 464 529 513 512 482 500 463 537 497 463 507 473 521 479 496 498 529 484 491 472 501 489 500 464 513 498 488 540 500 474 461 531 508 470 485 504 486 504 502 484 537 497 463 507 473 514 487 498 489 497 544 457 473 499 521 474 500 463 524 481 491 514 477 537 497 463 507 473 534 482 521 520 500 464
528 472 490 515 511 489 500 464 541 514 458 516 471 482 550 503 514 527 502 527 482 512 491 489 488 489 490 540 519 482 513 498 488 540 453 502 507 455 500 464 568 482 545 521 535 482 505 487 500 463 500 518 480 524 456 458 479 480 500 513 493 482 500 497 480 500 520 482 500 500 502 479 521 480 491 500 464
518 481 497 527 502 501 474 511 490 518 482 505 487 529 472 476 514 511 490 500 463 521 480 491 541 482 486 522 514 493 514 491 490 489 487 489 499 546 482 527 531 530 518 482 493 494 500 464
528 472 490 515 511 493 500 464 541 514 458 516 471 482 528 489 498 472 528 513 472 500 463 535 482 505 488 500 463 521 507 518 484 544 499 482 522 507 518 516 484 487 538 482 521 477 500 464 543 484 521 522 479 516 484 487 536 471 515 464 507 500 464
526 474 506 527 502 501 474 548 499 482 464 517 506 479 548 482 524 454 522 467 465 525 525 513 485 476 540 500 474 461 509 492 527 502 501 474 512 489 492 540 499 480 513 488 475 489 504 461 500 464
518 459 477 502 519 500 464 518 482 492 497 497 497 500 463 485 490 485 486 485 485 480 500 463 512 490 496 497 491 488 488 491 496 500 463
528 472 490 515 511 489 500 464 529 513 512 482 500 463 537 497 463 507 473 521 479 496 498 529 484 491 472 501 489 500 464 513 498 488 540 500 474 461 531 508 470 485 504 486 504 502 484 537 497 463 507 473 514 487 498 489 497 544 457 473 499 521 474 500 463 524 481 491 514 477 537 497 463 507 473 534 482 521 520 500 464
528 472 490 515 511 490 500 464 523 508 479 503 478 482 500 463 521 480 491 531 501 512 470 533 475 513 508 468 515 500 500 500 485 500 500 485 530 471 475 510 536 465 471 511 517 515 485 500 494 500 499 500 498 499 499 500 464
528 472 490 515 511 489 500 464 523 508 479 503 478 482 500 463 521 480 491 531 501 512 470 533 475 513 508 468 515 500 500 500 485 500 500 485 530 471 475 510 536 465 471 511 517 515 485 500 494 500 499 500 498 499 499 500 464
509 491 527 502 501 474 511 482 495 478 502 483 476 535 507 463 495 512 488 497 520 480 499 560 504 465 505 468 440 531 519 481 497 497 534 482 512 487 500 463 512 488 497 520 480 499 520 481 498 498 498 487 519 481 497 497 516 486 500 500 485 500 494 500 464 527 502 501 474 530 470 507 533 468 507 484 511 549 504 505 486 452 515 485 500 463 527 502 501 474 567 480 506 482 526 433 500 464
528 472 490 515 511 490 500 464 533 467 474 518 502 482 597 482 571 537 519 553 549 488 499 512 487 526 482 500 463 517 484 488 551 504 476 488 490 451 525 536 450 500 463 570 482 523 547 534 482 521 520 551 504 476 488 490 451 525 536 450 560 441 537 466 503 540 519 482 518 525 476 496 564 520 437 504 486 500 464
508 493 527 502 501 474 510 490 496 495 490 490 548 489 452 496 526 515 478 534 482 512 487 500 463 511 490 500 463 527 502 501 474 517 505 484 537 482 492 520 511 500 500 463 527 502 501 474 523 499 500 478 514 486 492 511 490 533 468 507 484 511 500 463 527 502 501 474 512 488 516 495 489 490 490 489 500 464
528 472 490 515 511 490 500 464 523 513 492 482 500 463 537 497 463 507 473 521 479 496 498 529 484 491 472 501 489 500 464 513 498 488 540 500 474 461 531 508 470 485 504 486 504 502 484 537 497 463 507 473 514 487 498 489 497 544 457 473 499 521 474 500 463 524 475 500 514 477 537 497 463 507 473 534 482 521 520 500 520 482 500 500 502 479 500 497 508 521 496 523 482 500 464
518 483 496 527 502 501 474 518 492 498 497 492 492 482 535 482 505 487 500 472 476 514 537 482 515 489 461 487 496 510 500 463 541 514 459 515 472 521 482 500 520 480 499 549 488 499 512 487 526 482 500 463 525 476 509 478 502 483 476 536 482 486 522 514
550 450 468 492 503 529 500 464 518 482 493 495 500 463 524 512 487 526 482 512 491 489 488 489 490 540 519 482 513 498 488 548 453 502 507 455 500 464
528 472 490 515 512 493 500 464 537 496 475 508 480 482 582 482 510 567 542 500 482 520 524 529 535 482 483 500 480 495 498 479 500 464 507 476 510 500 463 521 480 491 535 482 521 520 551 504 476 488 490 451 525 536 450 560 554 500 464
528 472 490 515 521 478 505 500 464 541 514 458 516 471 482 528 513 493 482 500 463 528 482 521 520 513 487 490 488 488 546 516 482 498 463 541 482 520 520 500 464
511 489 527 502 501 474 511 518 482 494 494 482 535 482 505 487 534 502 519 466 515 485 500 463 540 482 518 523 482 518 511 519 536 507 476 527 443 482 500 463 522 482 482 480 461 494 511 463 527 502 501 474 518 482 480 461 494
550 449 467 515 511 490 500 464 529 495 475 508 480 482 535 482 521 520 510 494 490 495 491 545 525 518 457 464 482 500 463 527 480 491 535 517 482 512 487 500 463 521 480 491 535 517 482 507 514 486 492 533 468 542 476 522 459 501 501 459 529 471 506 514 476 512 488 497 520 480 499 516 502 485 487 519 481 497 497 517 484 504 558 503 468 531 443 475 504 500 463 521 480 491 528 472 498 490 485 518 512 488 489 492 508 493 494 526 475 513 490 533 468 510 507 468 482 537 463 510 507 478 521 480 491 500 464 526 479 474 491 476 510 495 515 532 475 514 510 473 520 469 521 480 491 508 493 494 527 513 493 482 519 497 481 497 552 503 449 469 537 511 490 500 464
528 472 490 515 523 476 501 500 464 541 514 458 516 471 482 485 494 494 494 508 487 462 468 500 463 485 464 522 486 505 495 474 513
528 472 490 515 512 489 490 500 464 541 514 458 516 471 482 485 494 494 494 508 487 462 468 500 463 485 464 522 486 505 495 474 513 491 500 463
551 450 468 492 503 529 500 464 548 482 510 472 467 493 506 494 516 485 484 491 500 463 508 493 508 493 492 500 463 526 496 475 508 480 482 521 508 480 486 529 472 498 514 471 530 472 509 511 470 504 504 475 511
528 472 490 515 511 490 500 464 523 508 479 503 478 482 500 463 521 480 491 531 501 512 470 533 475 513 508 468 515 500 500 500 485 500 500 485 530 471 475 510 536 465 471 511 517 515 485 500 494 500 499 500 498 499 499 500 464
523 502 477 531 471 498 521 484 482 546 482 527 531 530 518 482 489 544 499 482 518 511 519 556 507 476 527 443 482 561 441 467 508 536 482 500 463 527 502 501 474 535 482 505 487 511 490 500 463 573 482 517 550 537 533 509 469 512 468 511 490 542 476 522 459 501 501 459 522 479 499 508 485 500 464 540 519 482 518 520 480 499 544 499 482 518 511 519 540 482 517 514 486 492 511 490 537 463 488 488 507 526 475 513 490 561 520 482 548 557 482 545 517 523
528 472 490 515 511 490 500 464 523 508 479 503 478 482 500 463 521 480 491 531 501 512 470 533 475 513 508 468 515 500 500 500 485 500 500 485 530 471 475 510 536 465 471 511 517 515 485 500 494 500 499 500 498 499 499 500 464
518 481 497 527 502 501 474 511 490 518 482 535 482 505 487 529 472 476 514 511 490 500 463 521 479 496 514 486 496 495 490 490 500 463 527 502 501 474 518 505 484 537 482 492 520 511 500 500 463 527 502 501 474 518 482 488 485 493 477 536 482 486 522 514 487 491 527 502 501 474 511 488 537 492 491 495 500 464
528 472 490 515 511 490 500 464 541 514 458 516 471 482 500 463 521 480 491 531 501 512 470 533 475 513 508 468 515 500 500 500 485 500 500 485 530 471 475 510 536 465 471 511 517 515 485 500 494 500 499 500 498 499 499 500 464
511 490 527 502 501 474 511 490 535 466 499 511 477 516 485 495 500 495 500 500 495 485 500 463 525 476 512 536 482 486 522 500 463 515 500 500 500 485 500 500 546 482 505 524 500 463 517 505 484 540 482 521 517 537 482 508 498 474 510 500 478 500 464 540 519 482 518 515 485 533 468 507 484 511 525 482 491 515 476 518 482 492 525 482 492 482 515 478 529 482 479 507 500 463 527 502 501 474 515 485 532 482 510 498 536 482 518 520 519 543 482 476 520 459 527 502 501 474 546 482 523 475 454 480 527 452 500 463 518 470 482 482 513 487 492 492 492 492 491 487 492 500 464
528 472 490 515 511 490 500 464 536 495 474 518 480 482 582 482 554 546 519 536 482 500 463 521 480 491 531 482 522 507 518 516 484 507 537 463 527 502 501 474 536 497 463 463 507 473 551 504 476 488 490 451 525 536 450 560 441 537 466 503 540 519 482 518 515 485 500 464
518 497 497 481 483 492 508 493 500 463 527 472 490 501 514 525 475 474 500 464
535 502 466 513
528 472 490 515 521 503 479 500 464 536 496 506 482 527 513 493 482 535 482 505 488 513 498 488 550 520 482 498 467 516 484 487 500 464 537 482 524 523 482 500 463 521 480 491 535 482 505 488 544 519 465 456 487 534 518 479 482 467 500 464
528 472 490 515 511 489 500 464 518 471 482 500 463 537 497 463 507 473 521 479 496 498 529 484 491 472 501 489 500 464 513 498 488 540 500 474 461 531 508 470 485 504 486 504 502 484 537 497 463 507 473 514 487 498 489 497 544 457 473 499 521 474 500 463 524 475 508 514 477 537 497 463 507 473 534 482 521 520 500 464
528 472 490 515 511 490 500 464 529 513 512 482 500 463 537 497 463 507 473 521 479 496 498 529 484 491 472 501 489 500 464 513 498 488 540 500 474 461 531 508 470 485 504 486 504 502 484 537 497 463 507 473 514 487 498 489 497 544 457 473 499 521 474 500 463 524 482 492 454 484 482 500 464
527 474 505 527 502 501 474 511 490 538 482 527 531 530 518 482 489 544 521 482 518 511 519 500 463 586 482 509 543 571 507 494 493 514 482 504 526 514 486 492 511 490 544 476 522 459 501 501 459 532 469 504 515 472 514 487 536 471 515 464 507 500 464
528 472 490 515 511 490 500 464 523 508 480 486 461 479 479 533 475 514 510 473 520 469 536 498 491 536 482 486 522 522 502 479 521 498 507 469 538 508 487 462 468 500 463 518 482 494 494 482 521 520 551 504 476 488 490 451 525 536 450 560 441 537 466 503 540 519 482 518 515 485 500 464
509 493 527 502 501 474 511 490 535 482 521 520 515 493 494 486 494 544 499 482 518 511 519 500 463 517 505 484 512 489 488 498 534 482 521 520 537 463 510 507 478 519 504 482 505 544 499 482 518 511 519 500 463 527 502 501 474 525 499 476 500 544 499 482 518 511 519 512 489 488 498 537 463 510 507 478 511 490 500 463 527 502 501 474 511 490 534 482 522 515 538 463 508 476 513 512 488 497 557 482 545 526 509 519 481 497 497 521 477 478 456 479 517 505 484 540 482 510 497 471 508 500 464
523 502 477 531 488 498 521 484 482 520 480 499 532 522 498 507 469 510 494 490 495 491 545 525 518 457 464 482 524 484 482 502 468 500 494 472 488 540 519 482 518 523 499 500 478 517 505 484 530 471 497 520 501 527 502 501 474 517 505 484 541 504 470 519 459 516 472 520 475 500 463 509 493 492 546 482 505 524 524 484 482 502 468 500 494 472 488 500 464
528 472 490 515 523 502 477 500 464 523 508 479 503 478 482 500 463 521 480 491 531 501 512 470 533 475 513 508 468 515 500 500 500 485 500 500 485 530 470 475 510 536 465 471 511 517 515 485 500 494 500 499 500 498 499 499 500 464
511 490 527 502 501 474 511 490 538 518 482 532 523 478 516 485 464 500 482 495 500 463 527 502 501 474 517 484 489 517 494 502 516 504 484 544 482 521 519 481 512 473 509 527 502 501 474 523 503 480 516 485 495 500 495 494 500 463 527 502 501 474 517 484 504 564 482 508 498 474 510 500 478 500 463 527 502 501 474 516 500 495 489 500 464
528 472 490 515 509 491 491 500 464 527 485 495 480 517 482 500 482 489 500 463 586 482 509 543 571 507 494 493 514 491 490 489 487 489 499 546 482 520 538 500 464 482 482 480 461 494 503 476 493 484 491 489 528 506 473 481 499 518 482 487 485 487 503 538 482 517 518 493 501 500 464
528 472 490 515 511 490 500 464 523 508 480 482 500 463 537 497 463 507 473 521 479 496 498 529 484 491 472 501 489 500 464 513 498 488 540 500 474 461 531 508 470 485 504 486 504 502 484 537 497 463 507 473 514 487 498 489 497 544 457 473 499 521 474 500 463 524 481 491 514 477 537 497 463 507 473 534 482 521 520 500 464
528 472 490 515 511 490 500 464 523 508 479 503 478 482 500 463 521 480 491 531 501 512 470 533 475 513 508 468 515 500 500 500 485 500 500 485 530 471 475 510 536 465 471 511 517 515 485 500 494 500 499 500 498 499 499 500 464
518 483 503
528 472 490 515 511 490 500 464 523 508 479 503 478 482 500 463 521 480 491 531 501 512 470 533 475 513 508 468 515 500 500 500 485 500 500 485 530 471 475 510 536 465 471 511 517 515 485 500 494 500 499 500 498 499 499 500 464
550 450 468 492 503 529 500 464 533 476 474 518 502 482 548 474 514 475 509 529 453 534 482 521 520 548 464 518 452 529 463 527 500 463 529 472 498 514 471 530 470 511 474 506 538 463 489 514 529 472 498 514 471 530 502 501 470 532 468 516 518 469 534 482 521 520 513 489 490 489 488 530 502 501 470 532 468 516 518 469 514 492 487 500 464
528 472 490 515 509 491 500 464 518 482 492 480 484 482 524 503 476 535 482 521 520 513 490 490 488 488 546 516 482 494 463 541 482 519 520 500 464 482 482 480 461 494 503 476
528 472 490 515 521 503 479 500 464 525 482 515 483 508 531 504 474 477 514 477 493 550 463 521 480 491 531 482 512 537 471 509 464 517 482 521 508 480 486 529 472 498 514 471 519 454 509 511 470 504 504 475 511 475 475 524 477 496 520 493 501 495 480 522 490 478 482 500 463 521 496 475 486 461 479 479 533 509 469 512 468 542 496 477 526 482 531 469 480 509 519 500 464
528 472 490 515 511 490 500 464 523 508 479 503 478 482 500 463 521 480 491 531 501 512 470 533 475 513 508 468 515 500 500 500 485 500 500 485 530 471 475 510 536 465 471 511 517 515 485 500 494 500 499
528 472 490 515 511 489 500 464 518 482 493 494 500 463 524 477 506 514 490 500 463 518 482 493 494 500 463 521 479 480 521 480 491 516 509 469 512 468 542 508 472 524 459 517 484 487 538 497 463 507 473 518 482 488 485 493 477 500 464 527 502 501 474 528 504 536 482 486 522 509 493 492 512 488 497 514 487 491 518 506 486 482 484 500 464
528 472 490 515 512 490 500 464 523 508 479 482 535 482 505 487 529 472 476 514 512 488 496 497 500 463 521 491 496 479 479 516 484 480 500 464 537 519 482 518 523 487 491 479 517 484 488 551 504 476 488 490 451 525 536 450 560 441 537 466 503 540 519 482 518 515 485 533 468 507 484 511 500 504 505 486 452 500 464 540 519 482 518 525 510 475 500 561 520 482 548 508 493 494 560 504 465 505 468 440 531 500 464
528 472 490 515 521 503 479 500 464 541 514 458 516 471 482 550 503 514 527 502 527 482 512 491 489 488 489 490 540 519 482 513 498 488 548 453 502 507 455 500 464 568 482 545 521 535 482 505 487 500 463 500 518 480 524 456 458 479 480 500 513 493 482 500 476 522 459 501 501 459 500 464
528 472 490 515 511 490 500 464 529 513 512 482 500 463 537 497 463 507 473 521 479 496 498 529 484 491 472 501 489 500 464 513 498 488 540 500 474 461 531 508 470 485 504 486 504 502 484 537 497 463 507 473 514 482 502 468 500 494 472 488 500 463 535 463 508 476 513 512 488 497 514 477 474 517 484 487 500 464
518 493 482 476 521 482 500 518 482 495 495 500
528 472 490 515 511 489 500 464 529 513 512 482 500 463 537 497 463 507 473 521 479 496 498 529 484 491 472 501 489 500 464 513 493 488 540 500 474 461 531 508 470 485 504 486 504 502 484 537 482 521 520 551 504 476 488 490 451 525 536 450 560 441 537 466 503 540 519 482 518 525 476 496 564 520 437 504 486 500 464
511 488 527 502 501 474 518 492 497 497 492 497 482 548 482 505 487 500 472 476 514 512 490 546 520 482 548 549 488 499 512 487 526 482 500 463 527 502 501 474 517 484 488 551 504 476 488 490 451 525 536 450 560 441 537 466 503 540 481 497 497 517 490 496 490 490 489 500 464
518 482 497 497 497 491 497 492 482
518 481 502 527 502 501 474 518 482 494 494 482 535 482 505 487 529 502 519 466 544 514 482 512 488 497 582 482 554 546 519 536 482 500 463 509 493 492 500 463 521 480 491 540 517 482 507 514 486 492 508 493 542 476 522 459 501 501 459 529 471 506 514 476 512 488 497 520 480 499 516 502 485 487 519 481 497 497 506 494 521 460 490 489 465 479 500 463 540 519 482 518 521 480 491 528 472 498 490 485 518 512 488 489 492 508 493 494 526 475 513 490 533 468 510 507 468 482 537 463 510 507 478 521 480 491 500
518 497 497 481 483 492 508 493 500 463 527 472 490 501 514 520 480 505 500 464
525 474 507 527 502 501 474 518 492 498 497 497 497 489 492 482 500 463 527 502 501 474 512 492 496 490 519 482 486 504 518 482 493 494 500 464
528 472 490 515 512 489 500 464 542 496 491 523 498 479 519 465 456 487 534 489 492 491 483 486 472 505 451 536 497 463 507 473 500 464
551 449 467 491 502 528 500 464 533 476 474 518 502 482 548 474 514 475 509 529 453 534 482 521 520 548 464 518 452 529 463 527 500 463
511 490 527 502 501 474 511 490 535 466 499 511 477 516 485 495 500 495 500 500 495 485 500 463 525 476 512 536 482 486 522 500 463 515 500 500 500 485 500 500 546 482 505 524 500 463 517 505 484 540 482 521 517 537 482 508 498 474 510 500 478 500 464 540 519 482 518 515 485 533 468 507 484 511 525 482 491 515 476 518 482 492 525 482 492 482 515 478 529 482 479 507 500 464
528 472 490 515 511 490 500 464 523 508 479 503 478 482 500 463 521 480 491 531 501 512 470 533 475 513 508 468 515 500 500 500 485 500 500 485 530 471 475 510 536 465 471 511 517 515 485 500 494 500 499 500 498 499 499 500 464
518 497 483 476 536 482 501 511 490 520 467 506 483 510 569 482 451 523 554 431 524 511 476 511 476 500 463 522 482 494 495 524 511 476 511 476 568 482 553 498 526 522 478 499 498 511 490 500 464
528 472 490 515 523 501 477 500 464 541 496 480 513 482 517 484 488 535 498 488 550 479 488 550 520 482 498 467 516 484 487 500 464
528 472 490 515 523 508 477 500 464 525 495 474 506 481 482 550 482 523 475 454 480 527 452 500 463 549 482 488 518 535 504 461 507 484 511 500 463 517 484 488 551 504 476 488 490 451 525 536 450 560 441 537 466 503 532 519 482 518 523 476 496 564 520 437 504 486 500 476 527 443 482 500 463 527 502 501 474 535 512 492 494 480 500 464
518 459 477 502 519 500 464 533 476 474 518 502 482 597 482 571 537 519 553 549 488 499 512 487 526 482 500 463 517 484 488 551 504 476 488 490 451 525 536 450 500 463 570 482 523 547 534 482 521 520 551 504 476 488 490 451 525 536 450 560 441 537 466 503 540 519
537 482 507 504
508 493 527 502 501 474 510 490 496 495 490 490 548 489 452 496 526 515 478 534 482 512 487 500 463 511 490 500 463 527 502 501 474 517 505 484 537 482 492 520 511 500 500 463 527 502 501 474 523 499 500 478 514 486 492 511 490 533 468 507 484 511 500 463 527 502 501 474 512 488 496 495 486
528 472 490 515 511 493 500 464 541 514 458 516 471 482 485 494 494 494 508 487 462 468 500 463 535 482 505 488 500 463 482 488 485 493 477 500 464
519 482 497 527 502 501 474 516 500 495 495 492 495 485 539 461 505 516 471 500 463 527 502 501 474 512 496 491 496 488 519 481 497 497 516 500 500 485 500 501 500 501 485 514 486 493 520 480 499 554 482 502 503 455 493
528 472 490 515 512 489 500 464 536 513 458 516 471 482 528 489 498 472 528 513 472 500 463 535 482 505 488 500 463 521 497 498 479 542 496 482 522 507 518 516 484 487 538 482 521 477 500 464 543 484 521 522 479 516 484 487 536 471 515 464 507 500 464
528 472 490 515 511 489 500 464 542 512 491 523 498 479 544 519 465 456 487 534 518 492 501 484 540 482 510 497 471 508 500 463 527 493 506 479 542 496 482 522 507 518 516 484 487 538 482 521 520 500 504 476 488 490 451 525 536 450 527 513 493 482 500 476 522 459 501 501 459 500 464
528 472 490 515 523 502 477 500 464 518 482 492 480 452 482 550 490 500 463 524 482 502 468 500 494 472 488 540 519 482 518 523 499 500 478 514 505 484 537 482 492 520 511 500 500 463 527 502 501 474 535 482 521 520 516 491 476 488 490 451 525 536 450 560 441 537 466 503 540 519 482 518 525 476 485 519 482 518 520 480 499 544 499 482 518 511 519 540 482 517 514 486 492 511 490 537 463 488 488 507 500 464
528 472 490 515 511 489 500 464 523 494 475 508 480 482 535 482 521 520 513 494 490 495 491 545 525 518 457 464 482 500 484 482 502 468 500 494 472 488 540 519 482 518 523 499 500 478 517 484 514 529 472 498 514 471 530 502 501 470 532 468 516 518 469 534 482 521 520 513 489 490 489 488 530 502 501 470 532 468 516 518 469 514 492 487 500 463 540 519 482 518 521 480 491 528 472 498 490 485 518 512 488 489 492 508 493 494 526 475 513 490 533 468 510 507 468 482 537 463 510 507 478 521 480 491 500 464
518 493 484 520 464 490 482 477 510 482 552 531 482 482 507 527 513 493 482 530 500 470 494 546 515 479 533 549 504 505 486 452 500 464
528 472 490 515 511 490 500 464 529 472 498 514 471 530 470 511 474 506 500 471 524 475 513 490 520 481 503 505 500 463 532 498 507 469 538 508 487 462 468 500 463 528 472 477 513 511 490 500 482 521 482 521 520 551 504 476 488 490 451 525 536 450 527 513 493 482 500 464
518 497 496 482
528 472 490 515 509 491 500 464 526 485 495 480 517 482 524 503 476 536 482 521 520 513 490 490 488 488 546 516 482 494 463 541 482 519 520 500 464 482 482 480 461 494 503 476 493 484 491 489 528 506 473 481 499 518 482 486 515 531 475 514 506 458 500 464
518 497 497 527 502 501 474 518 483 492 518 482 486 494 531 504 511 486 482 550 503 514 527 502 527 482 512 463 463 527 502 501 474 517 496 491 488 491 514 486 492 508 493 551 511 505 465 475 512 488 497 524 512 477 518 482 489 508 493 500 486 522 459 501 501 459 508 492 490 474 543 514 522 495 458 474 527 502 501 474
518 497 497 481 483 492 508 493 500 463 527 472 490 501 514 511 489 500 464
528 472 490 515 511 490 500 464 529 513 512 482 500 463 537 497 463 507 473 521 479 496 498 529 484 491 472 501 489 500 464 513 498 488 540 500 474 461 531 508 470 485 504 486 504 502 484 537 497 463 507 473 514 487 498 489 497 544 457 473 499 521 474 500 463 509 488 466 504 524 502 501 474 523 478 511 544 482 521 519 481 512 473 509 500 463 540 488 498 521 484 482 513 490 510 494 490 495 491 600 569 510 482 563 547 496 511 513 539 501 517 461 483 518 540 519 482 518 520 480 499 516 488 484 535 510 465 487 512 484 500 463 527 472 477 513 511 490 533 509 469 512 468 518 492 482 518 482 489 500 464
528 472 490 515 511 490 500 464 541 514 458 516 471 482 500 463 521 480 491 531 501 512 470 533 475 513 508 468 515 500 500 500 485 500 500 485 530 471 475 510 536 465 471 511 517 515 485 500 494 500 499 500 498 499 499 500 464
518 482 490 515 521 503 479 500 464 541 514 458 516 471 482 514 485 499 512 487 526 482 500 463 535 482 521 520 551 504 476 488 490 451 525 536 450 500 463 521 480 491 535 482 521 520 551 504 476 488 490 451 525 536 450 500 506 488 490 451 525 536 450 560
550 451 469 515 507
528 472 490 515 512 489 500 464 541 514 458 516 471 482 550 504 486 491 513 498 488 513 498 488 550 520 482 498 467 516 484 487 500 464 537 482 524 523 482 500 463 528 480 491 535 482 505 488 544 519 465 456 487 534 518 479 482 467 500 463 516 484 487 515 489 486 490 494 500 464
528 472 490 515 511 488 500 464 541 514 458 516 471 482 550 508 514 527 502 527 482 512 491 489 488 489 490 540 519 482 513 498 488 548 453 502 507 455 500 464 568 482 545 521 535 482 505 487 500 463 500 518 480 524 456 458 479 480 500 513 493 482 500 476 522 459 501 501 459 500 464
528 472 477 502 519 500 464 541 514 458 516 471 482 550 503 514 527 502 527 482 512 491 489 488 489 490 540 519 482 513 498 488 548 453 502 507 455 500 464 568 482 545 521 535 482 505 487 500 463 500 518 480 524 456 458 479 480 500 513 493 482 500 476 522 459 501 501 459 500 464
528 472 490 515 511 490 500 464 541 514 458 516 471 482 550 509 477 491 500 463 509 477 491 539 499 482 518 511 519 500 463 527 493 506 479 542 496 482 522 507 518 516 484 487 538 482 521 477 500 464
524 508 477 536 471 515 464 507 500 463 532 475 514 510 473 520 469 536 498 465 506 473 510 494 490 495 490 544 519 465 456 487 534 544 494 482 522 546 508 482 529 549 482 504 526 500 463 527 502 501 474 537 522 498 508 493 494 500 463 527 502 501
528 472 490 515 511 490 500 464 531 508 480 503 478 482 500 463 521 480 491 531 501 512 470 533 475 513 508 468 515 500 500 500 485 500 500 485 530 471 475 510 536 465 471 511 517 515 485 500 494 500 499 500 493 499 499 500 464
518 448 490 515 511 490 500 464 518 497 497 481 483 483 535 466 499 511 477 500 463 527 502 501 474 556 482 521 519 481 512 473 509 500 463 509 502 501 474 536 511 505 465 475 515 485 518 484 494 495 500 463 527 502 501 474 517 505 484 541 504 470 519 459 516 472 520 475 500 463 509 493 492 546 482 505 524 500 464 527 502 501 474 524 475 481 511 525 513 485 476 518 484 488 523 482 498 504 495 500 464
528 472 490 515 511 489 500 464 541 482 518 511 519 537 463 487 499 482 500 522 507 476 527 443 482 500 463 527 502 501 474 533 468 507 484 511 534 482 508 498 474 510 500 478 500 463 527 502 501 474 554 521 484 491 518 482 515 489 461 487 496 510 500 463 527 502 501 474 512 482 500 463
512 489 496 512 488 497 511 494 489 494 494 514 486 492 512 488 497 520 480 499 534 466 477 507 519 481 497 497 516 494 494 498 484 486 499 491 494 484 500 463 523 478 499 502 510 490 490 490 495 495 500 463 512 488 497 560 504 465 505 468 440 531 519 481 497 497 511 494 490 489 490 490 489 500 463 514 486 492 522 478 491 499 492 515 486 488 491 522 502 479 534 466 477 507 519 481 497 497 516 499 486 484 499 499 493 520 480 499 518 482 497 498 498 497 498 497 497 540 519 482 518 519 497 481 485 496 519 481 497 497 527 511 478 513 474 560 441 537 466 503 500 464
528 472 490 515 498 529 500 464 529 472 498 518 502 482 597 482 571 537 519 553 549 488 499 512 487 526 482 500 463 517 484 488 551 504 476 488 490 451 525 536 450 500 463 570 482 523 547 534 482 521 520 551 504 476 488 490 451 525 536 450 560 441 537 466 503 540 519 482 518 525 476 496 564 520 437 504 486 500 464
528 472 490 515 511 490 500 464 529 513 512 482 500 463 537 497 463 507 473 521 479 496 498 529 484 491 472 501 489 500 464 513 498 488 540 500 474 461 531 508 470 485 504 486 504 502 484 537 497 463 507 473 514 487 498 489 497 544 457 473 499 521 474 500 464
528 472 490 515 511 490 500 464 523 508 479 503 478 482 500 463 521 480 491 531 501 512 470 533 475 513 508 468 515 500 500 500 485 500 500 485 530 471 475 510 536 465 471 511 517 515 485 500 494 500 499 500 498 499 499 500 464
527 474 506 527 502 501 474 535 482 505 487 529 472 476 514 511 490 500 463 517 482 495 507 540 482 518 535 482 486 522 556 496 491 483 483 500 463 517 502 482 482 473 464 500 463 517 484 504 523 482 508 498 474 510 500 478 500 464 527 502 501 474 517 484 504 523 482 508 498 474 510 500 478 500 464
518 497 497 481 483 492 509 491 500 463 527 472 490 501 514 518 481 502 500 464
528 472 490 515 511 493 500 464 541 514 458 516 471 482 550 503 514 527 502 527 482 512 491 489 488 489 490 540 519 482 513 498 488 548 453 502 507 455 500 464 568 482 545 521 535 482 505 487 500 463 500 518 480 524 456 458 479 480 500 513 493 482 500 476 522 459 501 501 459 500 464
528 472 490 515 511 490 500 464 529 513 512 482 500 463 537 497 463 507 473 521 479 496 498 529 484 491 472 501 489 500 464 513 498 488 540 500 474 461 531 508 470 485 504 486 504 502 484 537 497 463 507 473 514 487 498 489 497 544 457 473 499 521 474 500 463 524 482 492 454 484 482 500 464
528 472 490 515 511 489 500 464 536 496 506 482 527 513 493 482 535 482 505 488 513 498 488 550 520 482 498 467 516 484 487 500 464 537 482 524 523 482 500 463 521 480 491 535 482 505 488 544 519 465 456 487 534 518 479 482 467 500 463 516 484 487 515 489 486 490 494 500 464
528 472 490 515 511 490 500 464 523 508 479 503 478 482 500 463 521 480 491 531 501 512 470 533 475 513 508 468 515 500 500 500 485 500 500 485 530 471 475 510 536 465 471 511 517 515 485 500 494 500 499 500 498 499 499 500 464
523 502 477 527 488 498 521 484 482 520 480 499 532 522 498 507 469 510 494 490 495 491 545 525 518 457 464 482 524 484 482 502 468 500 494 472 488 540 519 482 518 523 499 500 478 517 505 484 530 471 497 520 501 527 502 501 474 517 505 484 541 504 470 519 459 516 472 520 475 500 463 509 493 492 546 482 505 524 524 484 482 502 468 500 494 472 488 500 464
528 472 490 515 511 489 500 464 541 514 458 516 471 482 550 503 514 527 502 527 482 512 491 489 488 489 490 540 519 482 513 498 488 548 453 502 507 455 500 464 568 482 545 521 535 482 505 487 500 463 500 518 480 524 456 458 479 480 500 513 493 482 500 476 522 459 501 501 459 500 464
528 472 490 515 505 500 464 541 514 458 516 471 482 550 508 514 527 502 527 482 512 491 489 488 489 490 540 519 482 513 498 488 548 453 502 507 455 500 464 568 482 545 521 535 482 505 487 500 463 500 518 480 524 456 458 479 480 500 513 493 482 500 476 522 459 501 501 459 500 464
528 472 490 515 511 490 500 464 541 508 479 503 478 482 500 463 521 480 491 531 501 512 470 533 475 513 508 468 515 500 500 500 485 500 500 485 530 471 475 510 536 465 471 511 517 515 485 500 494 500 499 500 498 499 499 500 464
528 472 490 515 509 491 500 464 537 482 486 522 518 498 488 513 493 488 513 498 488 550 520 482 498 467 516 484 487 500 464 537 482 521 520 537 464 498 507 500 463 521 480 491 535 482 505 488 544 519 465 456 487 534 518 479 482 467 500 464
528 472 490 515 512 489 500 464 541 514 458 516 471 482 550 503 514 527 502 527 482 512 491 489 488 489 490 540 519 482 513 498 488 540 453 502 507 455 500 464
518 497 497 481 483 492 511 489 500 463 527 472 490 501 514 525 474 502 500 464
542 514 458 516 471 482 515 472 521 495 510 512 502 526 482 535 482 512 491 489 488 489 490 540 521 484 482 513 498 488 529 453 502 507 455 500 464 568 482 545 521 535 482 505 487 500 463 521 458 482 527 460 522 480 508 493 521 520 500 464
528 472 490 515 511 493 500 464 536 513 458 516 471 482 528 489 498 472 528 513 472 500 463 535 482 505 488 500 463 527 493 506 479 542 496 482 522 507 518 516 484 487 538 482 521 477 500 464
523 501 477 527 502 501 474 518 492 482 535 482 505 487 529 472 476 514 511 490 496 495 490 490 500 463 549 488 499 512 487 526 482 517 499 483 486 487 518 482 488 510 490 496 495 490 490 500 463 527 502 501 474 535 482 505 487 529 472 476 514 511 490 500 463 511 490 526 499 501 480 475 510 512 476 518 482 494 494 482 500 464 537 510 481 514 464 527 504 502 473 521 480 491 500 463 527 502 501 474 508 493 537 516 489 464 500 464
528 472 490 515 523 503 479 500 464 518 482 490 493 482 524 503 476 536 482 521 520 513 494 490 495 490 544 519 465 456 487 534 544 494 482 522 546 508 482 529 549 482 504 526 500 463 535 464 510 515 467 532 517 469 482 488 518 535 504 461 472 520 500 464
528 472 490 515 512 490 500 464 523 508 480 482 535 482 505 487 529 472 476 514 512 488 496 497 500 463 521 480 491 500 463 521 478 491 479 533 466 477 507 500 463 521 491 479 479 532 482 512 468 489 513 474 513 473 512 488 497 560 504 465 505 468 440 531 519 481 497 497 517 495 490 489 490 490 489 500 464
527 496 475 476 502 473 492
528 472 490 515 512 488 500 464 518 480 474 506 481 482 524 503 476 535 482 521 520 513 490 490 488 488 546 516 482 494 463 541 482 519 520 500 464
528 472 490 515 513 490 500 464 529 495 474 506 481 482 528 503 505 535 498 465 506 473 521 494 490 495 490 544 519 465 456 487 534 544 494 482 522 546 508 482 529 549 482 521 520 500 464
528 472 490 515 512 489 500 464 541 514 458 516 471 482 550 503 514 527 502 527 482 512 491 489 488 489 490 540 519 482 513 498 488 540 453 502 507 455 500 464 535 482 521 520 551 504 476 488 490 451 525 536 450 500 463 527 502 501 474 535 482 508 498 474 510 500 478 500 464
528 472 490 515 512 491 500 464 537 512 491 523 498 482 535 482 521 520 513 490 490 488 488 546 516 482 498 463 541 482 519 520 500 464 542 517 482 500 463 521 480 491 535 517 482 507 514 486 492 508 493 542 476 522 459 501 501 459 529 471 506 514 476 512 488 497 520 480 499 516 502 485 487 519 481 497 497 506 494 521 460 490 489 465 479 500 463 540 519 482 518 521 480 491 528 472 498 490 485 518 512 488 489 492 508 493 494 526 475 513 490 533 468 510 507 468 482 537 463 510 507 478 521 480 491 500 464 526 479 474 491 476 510 495 515 532 475 514 510 473 520 469 521 480 491 508 493 494 527 513 493 482 519 497 481 497 552 503 449 469 537 511 490 500 464
528 472 490 515 503 530 500 464 533 468 474 518 502 482 597 474 514 474 509 529 453 534 482 521 520 548 464 518 452 529 463 527 500 463 529 472 498 514 471 530 470 511 474 506 538 463 489 514 529 472 498 514 471 530 502 501 470 532 468 516 518 469 534 482 521 520 513 489 490 489 488 530 502 501 470 532 468 516 518 469 514 492 487 500 464
518 486 490 515 508 493 500 464 518 464 482 500 463 532 498 465 507 473 521 479 496 498 529 484 491 472 501 489 500 464
528 474 504 527 502 501 474 544 466 482 535 482 505 487 529 472 476 514 512 488 496 497 500 463 545 466 509 508 455 482 521 478 511 544 482 521 519 481 512 473 509 500 463 545 519 510 518 478 510 474 482 512 488 497 525 502 476 499 494 500 463 527 502 501 474 523 497 497 491 492 497
528 472 490 515 511 489 500 464 529 495 475 508 480 482 535 482 521 520 513 494 490 495 491 545 525 518 457 464 482 500 463 527 480 491 535 509 469 512 468 542 508 472 524 459 521 500 480 500 463 527 502 501 474 535 498 491 535 482 521 520 516 485 489 522 502 479 521 480 491 534 482 521 520 551 504 476 488 490 451 525 536 450 560 441 537 466 503 540 519 482 518 521 480 491 528 472 498 490 485 518 512 488 489 492 508 493 494 526 475 513 490 533 468 510 507 468 482 537 463 510 507 478 521 480 491 500 464
548 479 453 519 532 522
528 472 490 515 523 502 477 500 464 525 510 490 500 500 495 490 500 464 525 482 492 482 512 463 521 480 491 515 485 495 493 513 498 488 540 500 474 461 531 508 470 485 504 486 504 502 484 540 511 465 487 512 484 500 463 525 482 492 482 515 478 529 482 479 507 500 464
518 481 502 527 502 501 474 511 490 535 482 505 487 529 472 476 514 511 490 500 463 521 480 491 545 482 486 522 514 487 491 536 486 512 505 463 540 460 516 486 544 519 459 523 499 500 478 517 505 484 540 482 521 519 481 512 473 509 500 463 514 486 492 536 482 486 522 509 493 492 512 488 497 514 487 491 518 506 486 482 484 500 464 527 502 501 474 517 484 504 523 482 521 519 481 512 473 509 500 481
528 472 490 515 512 489 500 464 536 496 506 482 527 513 493 482 535 482 505 488 513 498 488 550 520 482 498 467 516 484 487 500 464 537 482 524 523 482 500 463 521 480 491 535 482 505 488 544 519 465 456 487 534 518 479 482 467 500 463 516 484 487 515 489 486 490 494 500 464 537 497 463 507 473 537 464 507 476 510 500 463 461 505 516 471 501 479 487 533 502 477 504 467 500 464
518 483 503 527 502 501 474 518 492 498 497 492 492 482 518 482 494 494 482 512 488 492 497 492 490 508 493 494 500 463 527 502 501 474 518 483 492 488 497 500 464 518 497 496 497 492 492 491 518 482 486 494 500 463 527 502 501 474 518 482 488 485 493 477 537 464 507 476 518 482 494 494 482 500 463
550 450 468 492 501 528 500 464 518 482 492 497 497 497 500 463 485 490 485 486 485 485 480 500 463 512 490 496 497 492 488 488 491 496 500 463
550 450 468 492 503 528 500 464 541 514 458 516 471 482 514 487 491 544 482 521 519 481 512 473 509 500 463 535 479 523 521 480 491 500 463 535 467 521 482 466 482 521 514 487 491 519 485 490 481 500 464
518 448 490 515 509 491 500 464 518 471 495 482 500 463 537 497 463 507 473 521 479 496 498 529 484 491 472 501 489 500 464
518 497 497 481 483 492 508 493 500 463 527 472 490 501 514 525 474 502 500 464
523 477 501 527 502 501 474 515 485 544 482 521 519 481 512 473 509 519 481 497 497 518 491 482 492 497 483 492 488 497 500 463 527 502 501 474 515 486 500 500 495 485 500 463 527 502 501 474 518 483 497 491 497 500 463 527 502 501 474 516 504 484 534 482 508 498 474 510 500 478 500 464
528 472 490 515 511 490 500 464 525 508 479 503 478 482 500 463 521 480 491 531 501 512 470 533 475 513 508 468 515 500 500 500 485 500 500 485 530 471 475 510 536 465 471 511 517 515 485 500 494 500 499 500 498 499 499 500 464
528 472 490 515 511 490 500 464 523 500 500 495 495 485 500 474 513 516 471 500 463 527 502 501 474 512 496 491 496 488 519 481 497 497 516 500 500 485 500 501 500 501 485 514 486 493 520 480 499 554 482 502 503 455 493 541 519 472 539 512 473 462 512 512 488 497 511 494 516 493 473 481 499 500 464
528 472 490 515 511 490 500 464 518 480 458 516 471 482 500 463 521 480 491 531 501 512 470 533 475 513 508 468 515 500 500 500 485 500 500 485 530 471 475 510 536 465 471 511 517 515 485 500 494 500 499 500 498 499 499 500 464
528 472 490 515 511 490 500 464 531 513 471 516 471 482 500 463 521 480 491 531 501 512 470 533 475 513 508 468 515 500 500 500 485 500 500 485 530 471 475 510 536 465 471 511 517 515 485 500 494 500 499 500 498 499 499 500 464
528 472 490 515 511 489 500 464 536 496 506 482 500 463 521 480 491 531 482 505 488 513 498 488 550 520 482 498 467 516 484 487 500 464 537 482 524 523 482 500 463 521 480 491 535 482 505 488 544 519 465 456 487 534 518 479 482 467 500 463 516 484 487 515 489 486 490 494 500 464
528 472 490 515 511 489 500 464 518 482 493 494 500 463 537 497 463 507 473 521 479 496 498 529 484 491 472 501 489 500 464 513 498 488 540 500 474 461 531 508 470 485 504 486 504 502 484 537 497 463 507 473 514 487 498 489 497 544 457 473 499 521 474 500 464
511 490 527 502 501 474 515 485 536 482 522 515 535 464 529 513 512 482 500 463 527 502 501 474 512 496 491 496 488 519 481 497 497 516 500 500 485 500 501 500 501 485 514 486 493 520 480 499 554 482 502 503 455 493 541 519 472 539 512 473 462 512 512 488 497 511 494 564 506 473 481 499 500 464
517 493 484 542 505 459 475 516 519 492 471 529 481 503 471 510 517 502 484 499 519 501 482 476 535 512 465 514 472 513 494 487 511 489 490 491 490 491 490 545 482 522 456 525 461 482 500 464
528 472 490 515 526 475 504 500 464 541 514 458 516 471 482 485 494 494 494 508 487 462 468 500 463 485 464 522 486 505 495 474 513 491 500 463 528 485 472 506 500 464
528 472 490 515 511 490 500 464 525 495 474 506 481 482 550 508 465 535 498 465 506 473 510 504 476 488 490 451 525 536 450 500 463 535 482 521 520 551 504 476 488 490 451 525 536 450 500 463 524 482 521 520 551 504 476 488 490 451 525 536 450 560 441 537 466 503 540 519 482 518 525 476 496 514 487 500 464
518 481 502 527 502 501 474 518 497 497 497 497 481 483 483 535 498 466 513 481 512 488 497 523 482 498 504 495 507 494 493 518 482 492 500 463 527 502 501 474 536 511 505 465 475 515 485 527 504 502 473 518 482 486 494 500 464
509 493 527 502 501 474 511 490 535 466 499 511 477 516 485 495 500 495 500 500 495 485 500 463 525 476 512 536 482 486 522 500 463 515 500 500 500 485 500 500 546 482 505 524 500 463 517 505 484 540 482 521 517 537 482 508 498 474 510 500 478 500 464 540 519 482 518 515 485 533 468 507 484 511 525 482 491 515 476 518 482 492 525 482 492 482 515 478 529 482 479 507 500 464
515 485 498 498 492 498 498 493 498
528 472 490 515 502 500 464 541 514 458 516 471 482 550 503 514 527 502 527 482 512 491 489 488 489 490 540 519 482 513 498 488 540 461 502 507 455 500 464 568 482 545 521 535 482 505 487 500 463 500 518 480 524 456 458 479 480 500 513 493 482 518 497 481 497 517 484 504 544 482 521 519 481 512 473 509 500 464
528 472 490 515 511 490 500 464 523 508 479 503 478 482 500 463 521 480 491 531 501 512 470 533 475 513 508 468 515 500 500 500 485 500 500 485 530 471 475 510 536 465 471 511 517 515 485 500 494 500 499 500 498 499 499 500 464
528 472 490 515 509 491 500 464 536 514 458 516 471 482 550 503 527 482 512 491 489 488 489 490 540 519 482 513 498 488 548 453 502 507 455 500 464
528 472 490 515 511 490 500 464 529 513 512 482 500 463 537 497 463 507 473 521 479 496 498 529 484 491 472 501 489 500 464 513 498 488 540 500 474 461 531 508 470 485 504 486 504 502 484 537 497 463 507 473 514 487 498 489 497 544 457 473 499 521 474 500 464
508 493 527 502 501 474 518 492 497 535 482 505 487 529 472 476 514 516 504 469 518 482 494 494 482 512 463 521 480 491 517 484 482 488 510 490 496 495 490 490 500 463 518 482 514 511 490 500 463 527 502 501 474 518 482 488 485 493 477 542 476 522 459 501 501 459 508 493 537 463 522 459 501 501 459 508 493 537 482 518 511 519 525 482 522 515 542 508 472 524 459 530 470 507 500 464
528 472 490 515 513 493 485 500 464 541 514 458 516 471 482 485 494 494 494 508 487 462 468 500 463 485 464 522 486 505 495 474 513 491 500 463 528 485 472 506 500 464
551 449 467 491 502 529 500 464 533 476 474 518 502 482 597 482 571 537 519 553 549 488 499 512 487 526 482 500 463 517 484 488 551 504 476 488 490 451 525 536 450 500 463 570 482 523 547 534 482 521 520 551 504 476 488 490 451 525 536 450 560 441 537 466 503 540 519 482 518 525 476 496 564 520 437 504 486 500 464
528 472 490 515 512 489 500 464 536 498 506 482 527 513 493 482 535 482 505 488 513 498 488 550 520 482 498 467 516 484 487 500 464 537 482 524 523 482 500 463 521 480 491 535 482 505 488 544 519 465 456 487 534 518 479 482 467 500 463 516 484 487 515 489 486 490 494 500 464
511 488 527 502 501 474 518 482 494 494 482 535 482 505 487 534 502 519 466 544 514 482 512 488 497 582 482 554 546 519 536 482 500 463 509 493 492 500 463 521 480 491 540 517 482 507 514 486 492 508 493 542 476 522 459 501 501 459 529 471 506 514 476 512 488 497 520 480 499 516 502 485 487 519 481 497 497 506 494 521 460 490 489 465 479 500 463 540 519 482 518 521 480 491 528 472 498 490 485 518 512 488 489 492 508 493 494 526 475 513 490 533 468 510 507 468 482 537 463 510
511 490 527 502 501 474 513 487 487 532 482 518 492 520 480 499 544 504 465 505 468 440 531 519 481 497 497 520 480 499 564 520 437 504 486 519 481 497 497 525 482 515 463 514 486 492 515 485 533 468 507 484 511 500 463 527 502 501 474 517 482 512 487 500 463 523 482 498 504 495 541 502 501 474 517 484 504 544 482 521 519 481 512 473 509 500 463 540 482 512 492 466 504 534 482 512 487 500 463 509 493 492 511 490 533 509 469 512 468 526 502 482 472 507 485 519 481 497 497 537 482 508 498 474 510 500 478 500 464
528 472 490 515 509 491 500 464 541 514 458 516 471 482 528 489 498 472 528 513 472 500 463 535 482 505 488 500 463 521 484 491 544 499 482 521 507 518 516 484 487 538 482 521 477 500 464 537 482 521 520 516 504 476 488 490 451 525 536 450 560 441 537 466 503 540 519 482 518 525 476 496 564 520 437 504 486 500 464
528 472 490 515 511 490 500 464 523 508 479 503 478 482 500 463 521 480 491 531 501 512 470 533 475 513 508 468 515 500 500 500 485 500 500 485 530 471 475 510 536 465 471 511 517 515 485 500 494 500 499 500 498 499 499 500 464
530 508 470 509 477 521 498 487 500 479
528 472 490 515 512 491 491 500 464 527 485 495 480 517 482 524 503 476 534 482 521 520 513 490 490 488 488 546 516 482 498 463 541 482 519 520 500 464 482 482 480 461 494 503 476 493 484 491 489 528 506 473 481 499 518 482 486 485 487 503 538 482 517 518 493 501 500 464
518 497 497 527 502 501 474 518 482 494 494 482 535 482 505 487 534 502 519 466 544 514 482 512 488 497 582 482 554 546 519 536 482 500 464 542 519 482 518 520 480 499 544 503 499 512 487 526 482 500 463 527 502 501 474 535 482 505 487 500 490 542 476 522 459 501 501 459 522 479 499 508 485 500 464
518 482 486 504 527 502 501 474 520 480 499 564 520 437 504 486 519 481 497 497 512 488 496 497 491 490 546 482 527 531 530 518 482 497 497 497 527 502 501 474 515 485 500 495 495 495 500 464 527 502 501 474 518 484 487 470 444 482 519 481 497 497 517 488 496 497 491 490 536 482 486 522 518 497 497 492 491 492 482 500 464
508 493 527 502 501 474 518 492 506 482 535 482 521 520 510 494 490 495 490 519 481 497 508 493 494 556 507 476 527 443 482 500 464 527 502 501 474 535 485 491 535 463 518 482 482 482 473 464 500 464
508 493 527 502 501 474 518 482 494 494 482 535 482 505 487 534 502 519 466 544 514 482 512 488 497 582 482 554 546 519 536 482 500 463 509 493 492 500 463 521 480 491 540 517 482 507 514 486 492 508 493 542 476 522 459 501 501 459 529 471 506 514 476 512 488 497 520 480 499 516 502 485 487 519 481 497 497 506 494 521 460 490 489 465 479 500 463 540 519 482 518 521 480 491 528 472 498 490 485 518 512 488 489 492 508 493 494 526 475 513 490 533 468 482 537 464
528 472 490 515 523 502 477 500 464 523 495 474 523 477 479 479 532 475 514 510 473 520 469 536 498 465 507 473 510 494 490 495 491 544 525 518 457 464 482 500 463 544 519 465 456 487 534 544 494 482 522 546 508 482 529 549 482 504 526 514 486 492 527 504 502 473 521 484 487 500 464
528 472 490 515 472 500 464 525 476 474 518 502 482 535 482 505 487 529 472 476 514 510 488 496 497 500 463 545 497 463 507 473 551 504 476 488 490 451 525 536 450 500 463 570 482 523 547 534 482 521 520 551 504 476 488 490 451 525 536 450 560 441 537 466 503 540 519 482 518 525 476 496 564 520 437 504 486 500 464
528 472 490 515 511 490 500 464 523 508 480 486 461 479 479 533 475 514 510 473 520 469 536 498 482 518 511 519 500 463 527 502 501 474 517 505 484 537 482 492 520 511 500 500 463 527 502 501 474 523 499 507 484 511 500 463 527 502 501 474 516 484 494 495 500 463 511 490 526 499 501 480 475 510 512 476 518 482 494 494 482 531 469 480 509 519 500 464
528 472 490 515 511 489 500 464 523 508 479 503 478 482 500 463 521 480 491 531 501 512 470 533 475 513 508 468 515 500 500 500 485 500 500 485 530 471 475 510 536 465 471 511 517 515 485 500 494 500 499 500 498 499 499 500 464
528 472 490 515 512 489 500 464 518 471 495 482 550 482 505 487 500 489 500 463 537 497 463 507 473 535 504 476 488 490 451 525 536 450 500 463 509 500 492 508 493 544 522 482 521 503 502 500 463 527 502 501 474 535 482 505 487 508 493 514 486 492 533 509 469 512 468 559 441 501 458 520 532 515 485 490 487 500 464
518 482 503 527 502 501 474 518 492 497 497 492 492 491 514 486 492 508 493 493 512 488 497 582 482 554 546 519 536 482 500 463 527 502 501 474 523 499 487 500 463 518 482 484 537 482 492 520 511 500 500 463 527 502 501 474 518
512 489 496 512 488 497 511 494 489 494 494 514 486 492 512 488 497 520 480 499 534 466 477 507 519 481 497 497 516 494 494 498 484 486 499 491 494 484 500 463 523 478 499 502 510 490 490 490 495 495 500 463 527 502 501 474 517 482 512 487 500 463 527 502 501 474 512 488 496 497 522 502 479 511 490 523 463 522 502 479 534 466 489 540 482 517 514 486 492 522 478 510 534 482 512 487 500 463 527 502 501 474 517 502 514 511 490 533 467 508 481 511 500 464
528 472 490 515 512 489 500 464 541 514 458 516 471 482 550 471 514 527 502 527 482 512 491 489 488 489 490 540 519 482 513 498 488 540 453 502 507 455 500 464 568 482 545 521 535 482 505 487 500 463 500 518 480 524 456 458 479 480 500 513 493 482 500 476 522 459 501 501 459 500 464
512 489 496 512 488 497 511 494 489 494 494 514 486 492 512 488 497 520 480 499 534 466 477 507 519 481 497 497 516 494 494 498 484 486 499 491 494 484 500 463 523 478 499 502 510 490 490 490 495 495 500 463 512 488 497 560 504 465 505 468 440 531 519 481 497 497 511 494 490 489 490 490 489 500 463 514 486 492 522 478 491 499 492 515 486 488 491 522 502 479 534 466 477 507 519 481 497 497 516 499 486 484 499 499 493 520 480 499 518 482 497 498 498 497 498 497 497 540 519 482 518 519 497 481 485 496 519 481 497 497 527 511 478 513 474 560 441 537
518 482 498 475 506 480
528 472 490 515 511 490 500 464 523 513 458 516 471 482 500 463 521 480 491 531 501 512 470 533 475 513 508 468 515 500 500 500 485 500 500 485 530 471 475 510 536 465 471 511 517 515 485 500 494 500 499 500 498 499 499 500 464
528 472 490 515 511 490 500 464 523 500 500 495 490 490 500 463 527 502 501 474 512 482 512 488 497 525 482 495 489 500 463 527 502 501 474 517 505 484 537 482 492 520 511 500 500 463 517 505 484 537 482 521 517 537 482 508 498 474 510 500 478 500 464 540 519 482 518 515 485 533 468 507 484 511 525 482 491 515 476 518 482 492 525 482 492 482 515 478 529 482 479
528 472 490 515 523 503 479 500 464 541 514 458 516 471 482 550 471 514 527 502 527 482 512 491 489 488 489 490 540 519 482 513 498 488 540 453 502 507 455 500 464 568 482 545 521 535 482 505 487 500 463 500 518 480 524 456 458 479 480 500 513 493 482 500 476 522 459 501 501 459 500 464
528 472 490 515 511 490 500 464 542 514 458 516 471 482 528 489 498 472 528 513 472 500 463 535 482 521 520 551 482 518 520 500 464
537 463 507 476 510
528 472 490 515 511 490 500 464 541 514 458 516 471 482 485 494 494 494 508 487 462 468 500 463 485 464 522 486 505 495 474 513 491 500 463 528 485 472 506 500 464
511 490 527 502 501 474 518 497 492 491 492 497 497 489 497 497
528 472 490 505 505 528 500 464 533 476 474 518 502 482 597 482 505 487 529 472 476 514 511 490 500 463 535 482 521 520 551 504 476 488 490 451 525 536 450 500 463
519 497 497 481 483 492 511 490 500 463 527 472 490 501 514 524 475 502 500 464
528 472 490 515 511 490 500 464 529 513 512 482 500 463 537 497 463 507 473 521 479 496 498 529 484 491 472 501 489 500 464 513 498 488 540 500 474 461 531 508 470 485 504 486 504 502 484 537 497 463 507 473 514 482 500 463 527 502 501 474 517 504 476 504 467 527 513 493 482 520 497 481 497 517 484 504 544 482 521 519 481 512 473 509 500 464
528 472 490 515 505 500 464 541 514 458 516 471 482 550 503 514 527 502 527 482 512 491 489 488 489 490 540 519 482 513 498 488 548 453 502 507 455 500 464 568 482 545 521 535 482 505 487 500 463 500 518 480 524 456 458 479 480 500 513 493 482 500 476 522 459 501 501 459 500 464
528 472 490 515 511 490 500 464 523 482 498 504 495 500 463 521 480 491 531 501 512 470 533 475 513 508 468 515 500 500 500 485 500 500 485 530 471 475 510 536 465 471 511 517 515 485 500 494 500 499 500 498 499 499 500 464
528 472 490 515 511 490 500 464 526 508 479 503 478 482 500 463 521 480 491 531 501 512 470 533 475 513 508 468 515 500 500 500 485 500 500 485 530 471 475 510 536 465 471 511 517 515 485 500 494 500 499 500 498 499 499 500 464
509 493 527 502 501 474 511 490 535 507 473 523 460 518 474 517 473 535 466 499 511 477 540 502 466 479 502 528 487 458 519 481 497 497 571 556 482 520 538 500 463 527 502 501 474 540 502 466 479 502 528 487 458 519 481 497 497 574 546 513 482 536 500 463 527 502 501 474 544 505 467 524 468 456 519 500 463 527 502 501 474 540 498 460 515 475 525 510 475 500 515 500 485 500 500 500 486 495
528 472 490 515 511 489 500 464 529 513 512 482 500 463 537 497 463 507 473 521 479 496 498 529 484 491 472 501 489 500 464 513 498 488 540 500 474 461 531 508 470 485 504 486 504 502 484 537 497 463 507 473 514 487 498 489 497 544 457 473 499 521 474 500 463 524 481 491 514 477 537 497 463 507 473 534 482 521 520 500 464
528 472 490 515 521 503 479 500 464 525 510 475 513 480 482 524 503 476 536 464 473 510 544 509 460 456 519 524 481 497 499 476 500 464 542 482 527 501 500 464 534 493 509 468 466 524 503 476 527 513 493 482 533 467 503 511 473 500 464
528 472 490 515 511 488 500 464 548 482 510 472 467 493 506 494 516 485 484 491 500 463 508 493 508 493 492 500 463 526 496 475 508 480 482 521 508 480 486 529 472 498 514 471 530 472 509 511 470 504 504 475 511 475 475 524 477 496 520 493
528 472 490 515 523 478 510 500 464 541 514 458 516 471 482 550 503 498 484 482 512 491 489 488 489 490 540 519 482 513 498 488 548 453 502 507 455 500 464 568 482 545 521 535 482 505 487 500 463 500 518 480 524 456 458 479 480 500 513 493 482 500 476 522 459 501 501 459 500 464
523 503 477 527 502 501 474 518 482 494 494 482 535 482 505 487 534 502 519 466 544 514 482 512 488 497 582 482 554 546 519 536 482 500 463 509 493 492 500 463 521 480 491 540 517 482 507 514 486 492 508 493 542 476 522 459 501 501 459 529 471 506 514 476 512 488
528 472 490 515 511 489 500 464 541 514 458 516 471 482 550 508 514 527 502 527 482 512 491 489 488 489 490 540 519 482 513 498 488 548 453 502 507 455 500 464
528 472 490 515 512 489 500 464 541 514 458 516 471 482 550 471 514 527 502 527 482 512 491 489 488 489 490 540 519 482 513 498 488 548 453 502 507 455 500 464
528 472 490 515 511 490 500 464 518 492 494 482 500 463 537 497 463 507 473 521 479 496 498 529 484 491 472 501 489 500 464
528 472 477 502 519 500 464 525 476 474 518 502 482 535 482 505 487 529 472 476 514 511 490 496 495 490 490 500 463 517 484 488 516 486 496 488 519 481 497 497 517 491 497 491 490 495 490 500 463 514 486 492 517 496 484 534 482 479 507 500 463 532 482 512 468 489 513 474 513 473 512 488 497 525 510 475 500 515 485 534 482 522 515 542 508 472 524 459 530 470 507 500 464 527 502 501 474 517 485 500 463 509 493 492 521 503 479 519 493 493 481 494 500 464
528 472 490 515 511 490 500 464 541 514 458 516 471 482 528 489 498 472 528 513 472 500 463 535 498 506 538 482 522 515 500 463 521 478 492 496 500 463 521 480 491 516 484 494 495 500 463 521 480 491 516 482 505 488 500 519 465 456 487 534 518 492 482 494 494 482 500 463 521 475 454 486 461 479 479 533 482 500 464
528 472 490 515 511 490 500 464 527 496 475 508 480 482 582 482 554 546 519 536 482 500 463 521 480 491 531 485 495 493 513 488 497 511 492 500 500 500 500 546 482 505 524 500 463 521 480 505 484 530 471 497 520 501 527 502 501 474 517 504 484 541 504 470 519 459 516 472 520 475 500 464
520 492 484 520 464 490 482 477 510 482 552 531 482 482 507 527 513 493 482 530 500 470 494 546 515 479 533 549 504 505 486 452 500 464 540 519 482 518 520 480 499 550 522 525 523 482 494 519 481 497 497 518 489 490 469 482 520 480 499 560 504 465 505 468 440 531 519 481 497 497 534 482 512 487 536 482 486 522 546 515 479 533 500 464
528 472 490 515 511 490 500 464 518 492 500 471 482 550 463 537 497 463 507 473 521 479 496 498 529 484 491 472 501 489 500 464 513 493 482 500 463 524 503 485 538 485 490 481 500 464
518 481 504 527 502 501 474 511 490 518 482 494 494 482 537 482 505 487 529 502 519 466 515 485 500 463 517 484 504 544 482 521 519 481 512 473 509 500 463 521 480 491 535 517 482 467 521 486 492 508 493 542 476 522 459 501 501 459 529 471 506 514 476 512 488 497 520 480 499 516 485 495 490 519 481
528 472 490 515 511 490 500 464 529 513 512 482 500 463 537 497 463 507 473 521 479 496 498 529 484 491 472 501 489 500 464 513 498 488 540 500 474 461 531 508 470 485 504 486 504 502 484 537 497 463 507 473 514 487 498 489 497 544 457 473 499 521 474 500 463 524 481 491 514 477 537 497 463 507 473 534 482 521 520 500 464
528 472 490 515 518 493 485 500 464 541 514 458 516 471 482 528 489 498 472 528 513 472 500 463 535 482 505 488 500 463 527 493 506 479 542 496 482 522 507 518 516 484 487 538 482 521 477 500 464
