518 487 503 483 515 485 500 496 557 519 518 552 553 483 447 481 500 534 500 481 537 483 520 512 572 508 483 528 551 522 492 479 500 496
518 487 503 483 516 485 500 496 558 509 508 542 543 483 521 506 480 492 531 469 492 500 496 515 483 520 512 500 496 527 490 497 473 564 542 483 509 533 483 522 492 479 518 483 488 490 500 496 529 483 490 455 518 522 492 479 528 477 472 512 507 500 496
518 487 503 483 515 485 486 500 496 559 544 520 548 530 483 525 495 476 538 462 480 505 523 518 483 465 465 483 483 500 496 513 487 498 493 521 479 479 504 515 485 524 477 521 523 529 495 476 500 496
518 487 503 483 515 486 500 496 545 534 510 483 550 518 526 476 537 483 520 512 526 475 512 572 508 483 528 551 522 492 479 500 496 538 513 462 497 478 500 496 517 506 483 518 482 483 467 522 479 504 515 485 524 477 477 508 506 493 494 522 478 478 507 506 519 503 482 511 491 490 524 485 477 497 515 485 485 499 514 487 500 475 500 496
557 464 490 442 514 531 515 486 500 496 525 493 510 491 476 515 485 486 500 496
518 487 503 483 514 486 500 496 558 509 508 542 543 483 521 506 480 492 531 469 492 500 496 537 483 520 512 500 496 527 499 500 473 564 542 483 509 533 483 522 492 479 518 483 488 490 500 496 529 483 490 455 518 522 492 479 528 477 472 512 507 500 496
515 485 487 513 487 498 493 515 485 536 483 520 511 518 488 485 483 514 485 500 496 515 485 576 477 487 526 507 507 475 475 517 506 483 530 470 470 508 509 524 497 493 482 480 522 492 479 500 496
518 487 503 483 515 486 500 496 558 518 483 432 464 483 521 480 485 488 500 496 544 567 485 483 525 495 483 520 512 500 496 525 541 551 551 525 500 496 524 494 476 524 494 494 506 506 525 495 476 467 506 520 476 500 493 513 487 498 493 521 495 479 541 483 511 500 520 481 502 519 503 482 515 504 486 541 472 459 518 495 500 490 513 487 498 493 514 487 494 558 518 483 547 571 483 519 483 541 525 495 476 500 496 513 487 498 493 522 492 478 547 483 465 498 517 512 489 491 489 492 493 493 500
518 487 503 483 515 486 491 500 496 583 552 560 525 483 525 476 471 498 515 500 496 544 483 514 509 525 500 497 489 475 500 496 533 522 499 508 467 528 483 472 505 488 500 496
515 485 499 513 487 498 493 511 491 490 564 542 483 484 533 511 530 480 499 564 524 524 527 527 483 500 496 573 487 498 493 520 481 481 505 505 515 496 485 564 483 539 497 521 542 500 496 513 487 498 493 520 497 497 515 485 485 499 561 439 458 484 518 537 500 496 513 487 498 493 514 487 488 564 483 475 487 556 552 541 519 500
518 487 503 483 500 485 500 496 590 483 510 531 553 563 558 568 500 497 520 548 530 483 500 490 451 463 519 529 519 489 483 500 475 512 523 477 477 508 509 500 496 518 507 507 483 493 524 482 484 497 498 497 497 478 477 523 502 503 478 478 520 490 483 462 511 491 490 524 485 477 497 515 485 485 499 514 487 532 475 476 504 503 468 500 496 518 488 483 462 517 506 483 524 477 510 477 511 511 523 478 478 518 477 492 460 518 498 498 482 491 482 491 515 485 485 499 518 487 482 497 478 500 496
535 503 483 466
518 487 503 483 515 486 500 496 545 553 553 522 522 483 530 483 545 485 553 542 567 486 483 500 496 517 506 483 518 483 487 463 524 482 484 497 498 497 497 478 477 500 496 518 483 487 463 524 482 484 497 498 497 497 478 477 523 518 526 476 518 498 482 500 496 524 483 506 506 475 513 500 496
518 487 503 483 515 486 491 500 496 566 519 518 552 553 483 521 542
518 487 503 483 522 478 479 500 496 568 544 520 534 548 483 525 495 476 518 483 487 463 538 463 463 515 515 581 517 483 537 560 520 483 490 455 500 493 483 510 531 553 563 558 568 500 496
518 487 503 483 515 485 484 500 496 559 509 508 542 543 483 578 496 483 578 490 451 463 519 529 519 489 483 462 500 496 518 483 475 466 537 570 580 593 500 496 524 492 500 476 500 496
609 531 519 500 558 582 483 500 496 596 581 483 596 562 570 551 516 521 483 599 490 451 463 519 529 596 489 483 500 475 512 523 477 477 508 509 500 496
534 503 519 499 467 500 496 562 565 529 551 516 483 536 483 481 479 503 507 582 523 557 546 571 487 483 500 496 518 488 477 524 482 484 497 498 497 497 478 477 500 496 518 483 491 493 518 483 487 463 524 482 484 497 498 497 497 478 477 523 502 503 478 478 520 490 483 462 514 487 494 514 497 497 487 487 500 496
515 485 491 513 487 498 493 515 485 564 483 520 511 518 488 485 483 514 485 500 496 573 428 448 467 484 518 537 500 496 513 487 498 493 526 474 497 516 535 526 483 511 510 500 496 513 487 498 493 520 481 616 483 505 589 580 554 566 576 565 532 468 485 517 498 519 503 482 514 487 487 531 483 510 531 553 563 558 568 500 496
518 487 503 483 515 485 500 496 566 551 525 525 551 483 550 551 540 520 524 483 520 512 526 479 483 528 551 522 492 479 500 496
518 487 503 483 515 486 500 496 558 534 510 483 521 483 504 515 485 500 496 518 506 483 517 483 487 463 524 482 484 497 498 497 497 478 477 500 496 517 506 483 518 492 483 467 522 479 504 515 485 524 477 477 508 506 493 494 522 488 485 483 515 485 524 477 477 508 506 493 494 522 492 479 500 496
518 487 503 483 515 485 485 500 496 559 538 538 521 521 483 537 483 488 487 523 515 485 485 499 518 459 483 437 582 523 557 546 571 487 483 500 496 513 487 498 493 518 483 494 494 537 477 521 523 529 514 514 472 518 483 488 463 440 500 496
518 487 503 483 515 486 500 496 558 519 539 483 500 496 518 507 507 483 493 515 496 500 485 547 463 454 520 506 487 500 493 518 526 512 524 476 481 503 530 470 470 519 519 487 486 501 501 518 507 507 483 493 531 503 520 469 495 516 486 486 501 485 501 500 496 522 492 479 518 483 487 463 524 482 484 497 498 497 497 478 477 523 502 503 478 478 520 490 483 462 517 506 483 524 477 510 477 511 511 523 500 500 478 526 496 474 522 483 509 479 572 513 513 545 545 483 518 483 504 490 495 517 506 483 500 490
518 487 503 483 514 486 500 496 568 553 553 536 536 536 517 483 530 503 503 470 470 486 486 564 542 483 484 533 511 500 496 513 487 498 493 526 495 515 515 475 475 495 535 465 465 512 512 532 505 470 468 500 552 537 483 499 502 533 524 499 499 499 499 477 515 485 518 483 461 500 496 520 481 502 526 483 511 510 646 537 483 527 527 513 634 597 597 500 496 530 503 503 470 470 486 486 525 495 476 519 481 481 514 498 521 480 494 506 515 485 522 483 509 479 526 499 474 574 483 538 551 509 525 498 498 476 476 500 496 513 487 498 493 522 483 509 479 511 491 490 557 470 480 470 456 444 486 542 542 541 543 522 479 504 541 483 511 500 519 503 482 514 487 494 546 471 471 523 506 523 454
518 487 503 483 515 485 493 500 496 558 509 508 542 543 483 521 506 480 492 531 469 492 500 496 537 483 520 512 500 496 527 490 497 473 564 542 483 509 533 483 522 492 479 518 483 488 490 500 496 529 483 490 455 518 522 492 479 528 477 472 512 507 500 496
518 487 503 483 515 485 500 496 558 520 510 483 530 470 470 508 509 539 462 470 518 524 517 506 483 500 496 513 487 498 493 550 490 451 463 519 529 515 504 486 518 506 485 491 483 512 488 518 490 488 483 500 493 519 498 498 481 481 518 483 432 464 483 530 503 503 470 470 486 486 564 551 524 483 500 496
526 474 510 519 503 482 547 454 478 498 532 522 479 504 519 503 482 511 491 490 523 511 496 478 515 485 485 499 603 397 426 445 469 488 516 535 569 588 500 496 523 477 488 508 563 437 466 485 514 548 500 496 513 487 498 493 534 466 466 508 508 506 506 515 485 485 499 569 432 456 475 505 524 543 500 496 513 487 498 493 523 477 496 498 515 485 485 499 529 483 511 500 496 513 487 498 493 573 427 446 474 493 527 547 511 491 490 584 416 435 458 481 504 527 550 569 520 490 483 462 511 485 485 499 532 469 469 508 508 523 502 503 478 478 500 496
515 485 513 487 498 493 515 485 536 483 520 511 518 488 485 483 514 487 487 570 483 471 546 528 517 500 496 563 552 535 518 483 514 502 487 495 541 483 511 500 541 511 463 514 490 459 500 493 513 487 498 493 500 496 518 493 491 483 500 496 522 479 504 541 483 511 500 520 481 502 519 503 482 515 504 486 541 472 459 518 495 500 490 513 487 498 493 514 487 494 558 518 483 547 571 483 519 483 541 525 495 476 500 496 513 487 498 493 522 492 478 547 483 465 498 517 512 489 491 489 492 493 493 500 496
518 487 503 483 515 486 491 500 496 583 553 553 483 521 495 476 518 483 487 463 538 463 463 515 515 581 517 483 537 560 520 483 490 455 500 496
518 487 503 483 515 485 500 496 558 509 508 542 543 483 521 506 480 492 531 469 492 500 496 515 483 520 512 500 496 527 490 497 473 564 542 483 509 533 483 522 492 479 518 483 488 490 500 496 529 483 490 455 518 522 492 479 528 477 472 512 507 500 496
518 487 503 483 515 486 500 496 559 538 538 522 522 483 545 483 530 530 506 520 505 505 480 480 500 496 515 485 481 591 524 523 527 527 483 500 485 484 493 538 513 462 497 478 551 516 516 496 467 467 450 450 540 540 496 518 491 483 541 459 516 495 498 539 509 486 462 500 496
515 485 499
534 503 519 500 467 470 500 496 564 483 496 531 549 522 514 487 522 510 495 478 500 496 515 485 537 464 507 500 495 558 537 537 522 522 483 516 485 484 493 538 513 462 497 478 551 516 516 496 467 467 450 450 540 540 496 518 491 483 541 459 516 495 498 539 509 486 462 500 496
534 503 519 499 467 500 496 566 518 552 518 553 554 483 523 493 477 526 500 485 484 459 460 526 483 487 463 526 475 512 523 477 477 508 509 500 496
514 485 513 487 498 493 568 526 560 483 536 483 520 511 518 488 485 483 562 438 472 491 517 536 519 486 496 481 511 491 490 514 487 487 515 485 485 499 563 437 471 490 514 548 500 496 522 479 504 528 477 500 496 513 487 498 493 514 487 487 577 483 510 570 555 565 560 528 500 496 513 487 498 493 514 487 488 564 483 475 487 556 552 541 519 500 496 568 544 520 548 530 483 562 521 520 548 530 483 562 446 542 521 483 513 490 498 487 503 500 496
557 464 490 442 514 531 515 485 500 496 525 493 510 491 476 516 485 486 500 496
557 464 490 442 514 531 514 485 500 496 525 493 510 491 476 515 485 486 500 496
518 487 503 483 522 478 479 500 496 566 483 510 531 553 563 558 568 500 496 518 507 507 483 493 521 480 480 505 523 516 485 485 505 488 505 518 462 483 483 536 511 483 518 527 483 495 504 500 496 522 492 483 506 506 475 513 522 492 479 541 483 511 500 536 525 504 464 484 500 493
557 464 490 442 514 531 514 486 500 496 525 493 510 491 476 516 485 486 500 496
514 486 490 568 544 520 548 530 483 604 483 465 498 517 525 495 476 564 542 483 484 533 511 549 524 524 527 527 483 578 550 523 522 550 483 500 496 513 487 498 493 536 483 520 511 515 485 500 496 535 483 483 508 504 530 470 470 508 509 515 485 524 477 477 508 506 493 494 529 487 471 513 514 500 493 520 490 483 462 511
515 496 485 566 487 498 493 515 485 536 483 520 511 518 488 485 483 515 485 500 496 517 483 485 523 483 487 463 524 482 484 497 498 497 497 478 477 500 496 517 506 483 518 482 483 467 522 479 504 515 485 524 477 477 508 506 493 494 522 478 478 507 506 519 503 482 511 491 490 524 485 477 497 515 485 485 499 514 487 532 475 476 504 503 468 500
518 487 503 483 515 486 500 496 559 519 539 483 500 496 518 507 507 483 493 515 496 500 485 547 463 454 520 506 487 500 493 526 475 512 524 476 481 503 530 470 470 519 519 487 486 501 501 518 507 507 483 493 531 503 520 469 495 516 486 486 501 485 501 500 496 524 500 476 504 486 518 507 507 483 493 518 483 487 463 524 482 484 497 498 497 497 478 477 523 491 490 500 496
518 487 503 483 515 486 491 500 496 583 531 531 518 518 483 525 495 476 526 495 485 475 521 479 479 503 503 524 476 507 480 500 500 493 518 483 478 479 500 493 519 507 487 481 498 525 495 476 550 518 526 476 522 495 495 478 478 500 496
518 487 503 483 515 486 500 496 559 544 520 548 530 483 545 487 476 518 483 487 463 538 463 463 515 515 581 517 483 537 560 520 483 490 455 500 493 483 483 537 549 509 495 476 467 506 520 484 534 472 494 467 508 613 483 513 500 522 522 499 508 467 500 496
515 485 499 513 487 498 493 515 485 536 483 520 511 518 488 485 483 515 485 487 570 483 471 546 528 517 500 496 563 552 535 518 483 514 502 487 495 541 483 511 500 541 511 463 514 490 459 500 493 513 487 498 493 500 496 518 493 491 483 500 496
518 487 503 483 515 485 500 496 559 519 539 483 500 496 518 507 507 483 493 515 496 500 485 547 463 454 520 506 487 500 493 526 475 512 524 476 481 503 530 470 470 519 519 487 486 501 501 518 507 507 483 493 531 503 520 469 495 516 486 486 501 485 501 500 496 522 498 476 504 486 518 507 507 483 493 518 483 487 463 500 496
518 487 503 483 516 485 500 496 559 510 510 548 547 483 500 496 518 506 507 483 493 524 477 500 485 547 463 454 520 506 487 500 493 518 488 476 500 496 524 492 500 476 500 497
534 503 519 499 467 500 496 562 483 521 541 500 496 518 506 507 483 493 538 462 480 505 523 518 483 465 465 483 483 646 537 483 527 527 513 634 597 597 520 490 483 462 520 492 491 480 514 487 496 527 474 494 516 499 526 487 498 493 515 487 496 556 462 456 447 444 503 503 537 537 500 496 522 479 502 526 483 511 510 646 537 483 527 527 513 634 597 597 500 496
514 486 574 553 553 536 536 517 483 530 503 503 470 470 486 486 564 542 483 484 533 511 513 487 498 493 526 495 515 515 475 475 495 535 465 465 512 512 532 505 470 468 500 552 537 483 499 502 533 530 482 472 470 482 516 516 500 496 513 487 498 493 552 537 483 499 502 533 524 499 499 499 499 477 515 485 518 483 432 464 483 500 490 557 519 539 483 500 496 530 503 503 470 470 486 486 525 495 476 519 481 481 514 498 521 480 494 506 515 485 522 483 509 479 526 499 474 574 483 538 551 509 525 498 498 476 476 500 496
518 487 503 483 516 485 500 496 559 538 538 521 521 483 518 483 487 463 538 463 463 515 515 581 517 483 432 464 483 500 496 517 506 483 530 470 470 508 509 524 477 477 508 506 493 494 529 504 478 494 500 496
557 464 490 442 514 531 515 485 500 496 525 493 510 491 476 515 485 500 496
522 477 493 479 499
518 487 503 483 515 486 500 496 545 538 538 522 522 483 545 483 527 527 513 634 597 597 520 490 483 462 526 496 518 488 477 524 482 484 497 498 497 497 478 477 500 496 518 483 483 508 504 530 470 470 508 509 524 477 477 508 506 493 494 522 478 478 507 506 526 503 482 511 491 490 524 485 477 497 515 485 485 499 514 487 532 475 476 504 503 468 500 496
582 523 471 437 452 476 509 540 563
518 487 503 483 514 486 500 496 559 538 538 522 522 483 545 483 520 511 518 488 485 483 538 463 518 459 483 437 582 523 557 546 571 487 483 500 496 517 506 483 518 483 487 463 524 482 484 497 498 497 497 478 477 523 502 503 478 478 520 490 483 462 511 487
518 487 503 483 514 486 500 496 558 519 539 483 500 496 518 507 507 483 493 515 496 500 485 547 463 454 520 506 487 500 493 526 475 512 524 476 481 503 530 470 470 519 519 487 486 501 501 518 507 507 483 493 531 483 487 463 524 475 484 497 498 497 497 478 477 523 502 503 478 478 520 490 483 462 511 491 490 564 542 483 484 533 511 523 477 487 522 479 504 500 496 515 504 486 525 495 516 472 524 477 510 477 511 511 523 500 500 500 496
534 503 519 500 467 470 500 496 563 483 549 582 500 496 557 546 571 487 483 550 490 451 463 519 529 519 489 483 526 475 512 523 477 477 508 509 500 496
518 487 503 483 515 485 500 496 559 509 508 542 543 483 578 521 548 542 483 599 490 451 463 519 529 519 489 483 500 475 512 523 477 477 508 509 500 496 518 483 494 493 536 483 520 511 500 496 500 491 483 519 491 519 517 483 500 518 526 476 500 477 477 508 506 493 494 500 496
518 487 503 483 515 485 500 496 558 509 508 542 543 483 578 553 542 567 486 483 550 490 451 463 519 529 519 489 483 526 475 512 523 477 477 508 509 500 496 518 483 494 493 536 483 520 511 500 496 500 491 483 519 491 519 517 483 500 518 526 476 500 477 477 508 506 493 494 500 496
514 486 513 487 498 493 518 483 461 530 470 470 508 509 539 462 470 518 524 517 506 483 500 496 517 506 483 500 496 513 487 498 493 554 490 451 463 519 529 515 504 486 518 506 485 491 483 512 488 518 490 488 483 500 493 519 498 498 481 481 518 483 432 464 483 521 503 503 470 470 486 486 515 485 550 518 526 476 518 498 482 517 506 483 500 496
515 485 513 487 498 493 515 485 536 464 500 474 473 582 419 438 457 491 510 529 548 567 500 496 513 493 487 541 483 511 500 500 496 565 436 455 474 497 516 535 526 483 511 510 500 496 514 487 496 529 483 467 502 575 483 510 531 553 563 558 568 500 490 520 490 483 462 511 490 520 481 509 509 481 527 503 474 507 491 518 483 461 572 548 524 483 552 534 535 483 508 517 500 496 513 487 498 493 511 490 537 483 506 523 535 483 464 496 520 518 483 465 480 490 513 487 498 493 530 483 462 460 504 499 503 466 500 496 534 506 483 483 599 401 430 450 484 518 537 561
515 485 513 487 498 493 562 438 457 491 517 541 567 536 483 520 511 518 488 485 483 538 463 497 519 500 496 573 552 535 518 483 514 502 487 495 541 483 511 500 541 511 463 514 490 459 500 493 513 487 498 493 536 496 513 487 498 493 514 487 496 556 462 456 447 444 503 503 537 537 500 496 520 481 502 526 483 511 510 646 537 483 527 527 513 634 597 597 500 496 515 485 485 499 573 446 474 493 516 550 500 490
516 484 499 513 487 498 493 511 485 555 465 459 449 445 506 506 540 540 527 500 500 474 473 525 497 497 475 492 476 492 476 515 485 485 499 556 541 483 503 528 500 496 513 487 498 493 525 497 497 475 492 476 492 476 515 485 485 499 561 541 499 483 527 500 496
518 487 503 483 514 486 500 496 558 519 539 483 500 496 518 507 507 483 493 515 496 500 485 547 463 454 520 506 487 500 493 526 475 512 524 476 481 503 530 470 470 519 519 487 486 501 501 518 507 507 483 493 531 503 520 469 495 516 486 486 501 485 501 500 496 522 492 479 500 487 494 514 497 500 496
518 487 503 483 515 485 500 496 545 534 510 483 550 518 526 476 537 483 520 512 526 475 512 572 508 483 528 551 522 492 479 500 496 538 483 489 523 483 500 496 517 506 483 537 483 520 512 516 485 485 505 488 505 558 518 483 547 500 496 522 492 479 535 524 504 465 484 500 493 518 507 507 483 493 521 497 497 479 479 500 496 498 498 475 475 505 505 480 521 498 498 480 480 500 496
518 487 503 483 516 485 487 500 496 568 519 518 552 553 483 447 481 500 534 483 472 505 488 500 496 463 484 519 491 511 468 494 493 517 500 496 524 492 500 476 500 496
512 488 511 491 490 518 439 455 483 474 523 477 492 460 550 518 526 476 534 466 476 519 505 493 503 522 483 509 479 572 446 469 504 538 557 429 500 496 572 548 524 483 552 534 529 499 472 505 518 510 530 504 505 471 472 522 483 509 479 533 493 470 467 526 499 474 527 473 473 511 512 500 496 517 487 483 483 546 494 520 535 510 454 480 529 480 471 505 491 500 493 513 487 498 493 518 488 484 483 515 485 523 477 492 460 518 498 498 482 491 482 491 515 485 485 499 538 513 462 497 478 500 496
518 487 503 483 514 486 500 496 558 553 553 522 522 483 500 496 517 506 483 523 503 477 503 524 477 476 508 509 575 426 560 488 469 507 526 441 517 487 483 483 525 476 499 476 499 599 402 429 448 478 561 500 519 542 580 500 496
518 487 503 483 515 486 500 496 545 544 520 548 530 483 578 519 553 542 567 486 483 550 490 451 463 519 529 519 489 483 526 475 512 523 477 477 508 509 500 496
542 510 512 511 457 479
518 487 503 483 516 486 485 500 496 568 519 518 552 553 483 447 481 500 534 483 472 505 488 500 496 463 484 519 491 511 468 494 493 517 500 496 518 526 496 518 483 520 511 500 496
514 485 499 513 487 498 493 568 450 472 491 510 432 553 525 527 500 504 474 478 519 503 482 596 483 521 569 551 500 496 513 487 498 493 524 477 472 514 534 541 483 511 500 596 496 514 487 496 529 480 554 532 500 496 513 487 498 493 514 487 496 556 462 456 447 444 503 503 537 537 500 496
518 487 503 483 515 485 488 500 496 559 538 538 521 521 483 530 483 511 500 537 524 524 527 527 483 500 496 513 487 498 493 524 483 520 511 500 488 485 483 562 439 458 484 518 537 500 496 513 487 498 493 576 483 510 531 553 563 558 568 500 496
518 487 503 483 515 485 491 500 496 568 553 553 536 536 517 483 530 503 503 470 470 486 486 500 497 483 513 500 496 524 492 518 507 507 483 493 538 462 484 497 498 497 497 478 477 500 496
518 487 503 483 515 485 500 496 568 519 518 552 553 483 521 520 553 542 567 486 483 550 490 451 463 519 529 519 489 483 500 475 512 523 477 477 508 509 500 496 518 483 494 493 536 483 520 511 500 496 500 491 483 519 491 519 517 483 500 518 526 476 500 477 477 508 506 493 494 500 496
515 485 499 514 487 498 493 583 417 452 471 505 524 543 562 500 496 513 487 498 493 551 449 468 502 532 514 485 576 496 513 487 498 493 514 487 496 529 483 499 474 562 438 472 491 517 536 528 501 500 496
514 485 513 487 498 493 511 490 518 509 477 509 477 511 491 490 555 465 459 449 445 506 506 540 540 527 550 483 646 537 483 527 527 513 634 597 597 520 490 483 462 520 492 491 480 522 492 496 527 474 494 516 499 513 487 498 493 514 487 496 556 462 456 447 444 503 503 537 537 500 496 513 487 498 493 515 485 527 500 518 483 461 572 548 524 483 552 534 535 483 508 517 500 496 513 487 498 493 511 490 531 483 506 523 535 483 464 496 520 518 483 465 480 490 513 487 498 493 530 483
518 487 503 483 514 486 500 496 558 519 539 483 500 496 518 507 507 483 493 515 496 500 485 547 463 454 520 506 487 500 493 526 475 512 524 476 481 503 530 470 470 519 519 487 486 501 501 518 483 487 463 524 482 484 497 498 497 497 478 477 523 502 503 478 478 520 490 483 462 514 487 471 513 514 500 493 520 490 483 462 517 506 483 500 490 557 519 539 483 500 496 517 506 483 524 477 510 477 511 511 523 500 500 478 526 496 474 522 483 509 479 572 513 513 545 545 483 518 483 504 490 495 517 506 483 500 490 539 512 486 469 504 486 461 503 530 503 503 470 470 486 486 517 506 483 526 496 474 550 518 526 476 515 485 485 499 514 486 494 486 494 515 485 500 496
518 487 503 483 515 486 491 500 496 555 548 524 483 552 534 518 488 485 483 514 485 500 496 517 506 483 545 483 530 470 503 524 476 483 497 498 497 497 478 477 500 496 518 483 487 463 524 482 484 497 498 497 497 478 477 523 518 526 476 522 477 477 508 506 493 494 500 496
533 503 519 499 467 500 496 566 518 552 518 553 554 483 523 493 477 526 490 505 475 639 361 389 408 442 461 480 499 529 563 582 605 624 500 496
518 487 503 483 515 486 500 496 558 544 520 548 530 483 525 495 476 518 483 487 463 538 463 463 515 515 581 517 483 537 560 520 483 490 455 500 493 483 483 537 549 509 495 476 467 506 520 484 534 472 494 467 508 613 483 513 566 586 570 568 483 488 525 542 545 500 496
518 487 503 483 515 486 500 496 558 538 538 522 522 483 525 495 476 518 483 487 463 538 463 463 515 515 581 517 483 537 560 520 483 489 455 500 496
518 487 503 483 515 486 500 496 568 544 520 548 534 483 525 495 476 518 483 487 463 538 463 463 515 515 581 517 483 537 560 520 483 490 455 500 493 518 483 504 490 495 521 480 494 506 564 542 483 484 533 511 500 496
515 485 499 513 487 498 493 515 485 536 483 464 498 517 525 495 476 564 542 483 484 533 511 549 524 524 527 527 483 578 550 523 522 550 483 500 496 513 487 498 493 536 483 520 511 515 485 500 496 513 483 483 508 504 530 470 470 508 509 515 485 477 508 506 493 494 529 487 471 513 514 500 493 520 490 483 462 511 491 490 564 542 483 484 533 511 523 477 487 522 479 504 515 485 521 479 491 488 494 522 483 509 479 518 459 483 437 549 483 475 488 520 515 485 485 499 518 459 483 437 582 483
518 487 503 483 515 486 500 496 557 519 539 483 500 496 518 507 507 483 493 515 496 500 485 547 463 454 520 506 487 500 493 526 475 512 524 476 481 503 530 470 470 519 519 487 486 501 501 518 507 507 483 493 531 503 520 469 495 516 486 486 501 485 501 500 496 522 492 479 500 493 478 508 492 493 517 485 501 538 463 500 497 483 513 500 493 493 500 521 555 544 569 485 483 500 496
518 487 503 483 515 486 500 496 583 553 553 522 522 483 500 496 517 506 483 523 503 477 503 524 477 476 508 509 575 426 560 488 469 507 526 441 517 487 483 483 525 476 499 476 499 599 402 429 448 478 561 500 519 542 580 500 496
518 487 503 483 515 486 500 496 558 509 508 542 543 483 550 518 526 476 537 483 520 512 526 475 512 572 508 483 528 551 522 492 479 500 496
518 487 503 483 515 486 500 496 545 483 521 569 551 500 492 491 508 467 538 462 480 505 523 518 483 465 465 483 483 500 496 517 506 483 518 490 483 462 520 492 491 480 514 487 496 527 474 494 507 499 520 480 498 493 526 483 507 507 483 493 518 483 487 463 524 494 463 526 499 474 574 483 510 531 553 563 558 568 500 496 520 497 497 479 479 500 496 520 490 483 462 517 506 483 524 477 510 477 511 511 523 500 500 478 526 496 474 522 483 509 479 572 513 513 545
518 487 503 483 514 486 500 496 568 553 553 522 522 483 500 496 517 506 483 545 483 530 530 506 520 505 505 480 480 500 496 517 506 483 545 517 494 456 519 496 483 529 470 495 514 533 500 496
559 485 535 541 483 511 500 511 496 518 526 533 510 506 483 511 488 480 500 496 513 487 498 493 526 499 475 541 544 545 483 533 467 470 469 504 517 487 484 541 511 463 541 461 484 497 498 497 497 478 477 500 496 513 487 498 493 514 483 519 541 483 511 500 520 481 502 526 483
518 487 503 483 514 486 500 496 563 450 474 493 512 531 500 496 525 493 510 491 476 515 484 499 500 496
518 487 503 483 515 486 500 496 545 513 462 497 478 526 542 567 486 483 550 490 451 463 519 529 519 489 483 500 475 512 523 477 477 508 509 500 496 518 483 494 493 536 483 520 511 500 496 500 491 483 519 491 519 517 483 500 518 526 476 500 477 477 508 506 493 494 500 496
534 503 519 499 467 470 500 496 590 565 529 551 516 483 536 483 481 479 503 507 582 523 557 546 571 487 483 500 496 527 494 477 524 482 484 497 498 497 497 478 477 500 496 518 483 491 493 518 483 487 463 524 482 484 497 498 497 497 478 477 523 502 503 478 478 520 490 483 462 514 487 494 514 497 497 487 487 500 496
518 487 503 483 516 485 487 500 496 568 519 518 552 553 483 447 481 500 534 483 472 505 488 500 496 463 484 519 491 511 468 494 493 517 500 496 524 492 500 476 500 496
518 487 503 483 514 486 500 496 558 519 539 483 500 496 518 507 507 483 493 515 496 500 485 547 463 454 520 506 487 500 493 526 475 512 524 476 481 503 530 470 470 519 519 487 486 501 501 518 507 507 483 493 531 503 520 469 495 516 486 486 501 485 501 500 496 522 502 470 507 491 518 483 432 464 483 500 496
518 487 503 483 515 486 500 496 558 508 508 491 491 543 483 520 511 518 488 485 483 538 463 497 519 500 496 517 506 483 545 483 530 530 506 525 495 476 500 496 517 506 483 518 483 487 463 524 482 484 497 498 497 497 478 477 523 502 503 478 478 520 490 483 462 511 490 500 496
518 487 503 483 514 486 500 496 545 527 505 491 491 472 485 485 505 488 505 505 485 492 515 473 480 480 492 493 507 507 483 493 483 502 490 491 500 496
518 487 503 483 516 485 500 496 559 509 508 542 543 483 521 506 480 492 531 469 492 500 496 515 483 520 512 500 496 527 490 497 473 564 542 483 509 533 483 522 492 479 518 483 488 490 500 496 529 483 490 455 518 522 492 479 528 477 472 512 507 500 496
515 485 513 487 498 493 562 534 510 483 536 483 520 511 518 488 485 483 562 439 458 484 518 537 500 496 518 483 485 541 506 483 515 485 525 477 476 508 509 509 492 493 497 530 476 471 490 503 500 493 561 476 549 487 554 511 540 483 519 503 482 529 499 472 505 518 510 500 496 513 487 498 493 515 486 488 564 483 475 466 537 570 580 593 500 496
534 503 519 499 514 486 500 496 557 553 553 522 522 483 500 496 517 506 483 523 503 477 503 524 477 476 508 509 575 426 560 488 469 507 526 441 517 487 483 483 525 476 499 476 499 599 402 429 448 478 561 500 519 542 580 500 496
518 487 503 483 515 486 500 496 545 534 520 483 500 496 518 507 507 483 493 515 496 500 485 547 463 454 520 506 487 500 493 518 526 512 524 476 481 503 530 470 470 519 519 487 486 501 501 518 507 507 483 493 531 503 520 469 495 516 486 486 501 485 501 500 496 568 544 520 483 500 499 483 518 483 487 463 524 482 484 497 498 497 497 478 477 523 502 503 478 478 520 490 483 462 518 498 482 511 483 500 496
518 487 503 483 514 486 500 496 557 519 539 483 500 496 518 507 507 483 493 515 496 500 485 547 463 454 520 506 487 500 493 526 475 512 524 476 481 503 530 470 470 519 519 487 486 501 501 518 507 507 483 493 531 503 520 469 495 516 486 486 501 485 501 500 496
518 487 503 483 515 485 500 496 558 509 508 542 543 483 521 506 480 492 531 469 492 500 496 537 483 520 512 500 496 527 490 497 473 564 542 483 509 533 483 522 492 479 518 483 488 490 500 496 529 483 509 533 483 522 492 479 528 477 472 512 507 500 496
518 487 503 483 515 486 500 496 545 534 534 522 522 483 545 483 527 500 483 550 490 451 463 519 529 519 489 483 526 475 512 523 477 477 508 509 500 496
518 487 503 483 514 486 500 496 559 538 538 522 522 483 545 483 520 511 518 488 485 483 538 463 497 519 500 496 573 526 526 559 559 483 515 485 484 493 524 477 497 476 499 599 402 436 455 474 493 512 531 500 496 519 503 482 534 466 466 508 508 506 506 515 485 485 499 569 432 456 475 505 524 543 500 496
515 486 491 513 487 498 493 515 485 518 483 487 463 538 462 480 505 523 514 485 485 499 526 496 474 549 524 524 527 527 483 500 496 513 487 498 493 517 483 484 533 511 518 477 492 460 522 479 504 515 485 524 477 492 460 550 518 526 476 522
619 411 429 464 483 517 536 555 574 596
518 487 503 483 515 485 500 496 559 538 538 521 521 483 536 483 520 511 518 488 485 483 538 463 497 519 500 496 518 507 507 483 493 524 482 484 497 498 497 497 478 477 500 496 518 483 491 493 518 483 487 463 524 482 484 497 498 497 497 478 477 523 502 503 478 478 520 490 483 462 514 487 494 514 497 497 487 487 500 496
518 487 503 483 515 485 500 496 558 509 508 542 543 483 521 506 480 492 531 469 492 500 496 537 483 520 512 500 496 527 499 500 480 564 551 483 509 533 483 522 492 479 518 483 488 490 500 496 529 483 490 455 518 522 492 479 528 477 472 512 507 500 496
518 487 503 483 514 486 500 496 557 548 524 483 500 496 518 507 507 483 493 515 496 500 485 547 463 454 520 506 487 500 493 526 475 512 524 476 481 503 530 470 470 519 519 487 486 501 501 518 483 484 463 524 482 484 497 498 497 497 478 477 523 502 503 478 478 520 490 483 462 514 487 494 514 497 497 487 487 500 496
518 487 503 483 515 486 500 496 557 512 546 483 500 496 518 507 507 483 493 515 496 500 485 547 463 454 520 506 487 500 493 518 526 476 500 506 483 483 500 496 524 492 491 480 514 487 496 527 474 494 507 499 522 479 504 541 483 511 500 531 503 478 524 477 478 524 491 490 521 489 495 480 547 509 526 500 483 454 500 496
518 487 503 483 514 486 500 496 558 519 539 483 500 496 518 507 507 483 493 515 496 500 485 547 463 454 520 506 487 500 493 526 475 512 524 476 481 503 530 470 470 519 519 487 486 501 501 518 507 507 483 493 531 503 520 469 495 516 486 486 501 485 501 500 496 524 500 476 504 486 518 507 507 483 493 518 483 487 463 500 496
518 487 503 483 515 486 500 496 545 553 553 522 522 483 545 483 520 512 500 496 518 506 483 541 483 511 500 537 537 537 522 483 496 522 492 479 500 496 517 506 483 518 482 483 467 522 479 504 515 485 524 477 477 508 506 493 494 522 478 478 507 506 519 503 482 511 491 490 524 485 477 497 515 485 485 499 514 487 532 475 476 504 503 468 500 496 522 492 483 462 517 506 483 524 477 510 477 511 511 523 500 500 478 526 496 474 522 483 509 479 572 513 513 545 545 483 518 483 504 490 495 517 506 483 500 490 539 512 486 469 504 486 461 503 530 503 503 470 470 486 486 517 506 483 526 496 474 550 518 526 476 515 485 485 499 514 486 494 486 494 515 485 500 496
518 487 503 483 514 486 500 496 545 498 498 481 481 518 483 488 488 494 493 524 477 477 509 509 500 496 515 483 510 531 553 563 558 568 500 493 520 490 483 462 520 492 491 480 514 487 496 527 474 494 507 499 513 487 498 493 514 487 496 556 462 456 447 444 503 503 537 537 500 496
518 487 503 483 515 486 491 500 496 530 500 481 509 509 481 518 483 488 488 494 493 524 477 477 509 509 524 496 483 471 546 528 517 500 496
515 485 499 513 487 498 493 515 485 536 483 520 511 518 488 485 483 514 485 500 496 517 506 483 545 483 530 533 481 541 483 511 500 596 405 426 446 472 491 517 536 516 484 500 576 465 438 551 424 504 539 515 519 503 482 514 487 494 514 497 508 493 493 518 483 487 463 524 482 484 497 498 497 497 478 477 523 502 503 478 478 520 490 483 462 511 491 490 534 466 466 508 508 506 506 500 496
518 487 503 483 514 486 500 496 558 537 537 522 522 483 518 483 487 463 538 462 480 505 523 517 483 465 465 483 483 500 496 517 506 483 518 483 487 463 524 502 521 506 493 482 480 522 492 479 500 496
518 487 503 483 515 486 500 496 558 553 553 522 522 483 500 496 517 506 483 523 503 477 503 524 477 476 508 509 575 426 560 488 469 507 526 441 517 487 483 483 525 476 499 476 499 599 402 429 448 478 561 500 519 542 580 500 496
518 487 503 483 515 485 500 496 557 507 539 483 500 496 518 507 507 483 493 515 496 500 485 547 463 454 520 506 487 500 493 526 475 512 524 476 481 503 530 470 470 519 519 487 486 501 501 518 507 507 483 493 531 503 520 469 495 516 486 486 501 485 501 500 496
518 487 503 483 514 486 500 496 583 553 553 522 522 483 500 496 517 506 483 523 503 477 503 524 477 476 508 509 575 426 560 488 469 507 526 441 517 487 483 483 525 476 499 476 499 599 402 429 448 478 561 500 519 542 580 500 496
515 485 486 513 487 498 493 582 419 453 472 491 510 529 553 536 483 520 511 518 488 485 483 562 438 472 491 517 536 516 484 500 519 496 513 487 498 493 562 483 513 511 491 490 582 523 557 546 571 487 483 500 496 513 487 498 493 521 480 495 518 483 487 463 524 482 484 497 498 497 497 478 477 523 502 503 478 478 519 490 483 462 511 491 490 534 466 466 508 508 506 506 500 496
518 487 503 483 516 486 485 500 496 559 509 508 542 543 483 553 447 481 500 534 483 472 505 488 500 496 429 425 463 493 527 551 500 496
515 486 513 487 498 493 515 485 527 500 500 474 473 582 419 438 457 491 510 529 548 567 500 496 513 493 487 541 483 511 500 500 496 565 436 455 474 497 516 535 526 483 511 510 500 496 514 487 496 529 483 467 502 575 483 510 531 553 563 558 568 500 490 520 490 483 462 511 490 520 481 509 509 481 527 503 474 507 491 518 483 461 572 548 524 483 552 534 535 483 508 517 500 496 513 487 498 493 511 490 537 483 506 523 535 483 464 496 520 518 483 465 480 490 513 487 498 493 530 483 462 460 504 499 503 466 500 496 534 506 483 483 599 401 430 450 484 518 537 561 580 500 496 529 496 499 472 511 490 518 483 461 513 487 498 493
518 487 503 483 515 485 500 496 568 553 553 536 536 517 483 530 503 503 470 470 486 486 500 497 483 528 551 522 492 479 500 496
515 486 513 487 498 493 515 483 432 464 483 536 483 520 511 515 485 485 490 538 517 483 519 503 482 518 483 447 437 486 470 483 500 496 519 482 501 500 496 517 506 483 518 482 483 467 522 479 504 515 485 524 477 477 508 506 493 494 522 478 478 507 506 519 503 482 511 491 490 524 485 477 497 515 485 485 499 514 487 532 475 476 504 503 468 500
518 487 503 483 516 485 486 500 496 568 519 518 552 553 483 447 481 500 534 483 472 505 488 500 496 463 484 519 491 511 468 494 493 517 500 496 524 492 500 476 500 496
518 487 503 483 515 485 500 496 558 509 508 542 543 483 521 506 480 492 531 469 492 500 496 537 483 520 512 500 496 527 499 497 473 564 542 483 509 533 483 522 492 479 518 483 488 490 500 496 529 483 490 455 518 522 492 479 528 477 472 512 507 500 496
518 487 503 483 515 485 500 496 583 519 553 522 522 483 500 496 517 506 483 523 503 477 503 524 477 476 508 509 575 426 560 488 469 507 526 441 517 487 483 483 525 476 499 476 499 599 402 429 448 478 561 500 496
518 487 503 483 515 485 500 496 568 538 537 522 522 483 525 495 476 518 483 487 463 538 463 463 515 515 581 517 483 537 560 520 483 488 455 500 496
518 487 503 483 515 485 500 496 513 487 498 493 515 485 484 525 495 476 518 483 487 463 538 462 480 505 523 514 487 494 500 496 513 487 498 493 515 487 496 564 483 475 487 556 552 541 519 500 496 513 487 498 493 526 474 486 454 513 487 498 493 521 494 479 518 483 484 456 500 483 464 496 520 508 493 493 500 485 500 496
515 485 487 513 487 498 493 563 483 520 511 518 488 485 483 543 457 478 518 537 500 496 563 552 535 518 483 514 502 487 495 541 483 511 500 596 541 483 511 500 541 511 463 514 490 459 500 493 513 487 498 493 500 496 518 493 491 483 500 496 522 479 504 541 483 511 500 520 481 502 519 503 482 515 504 486 541 472 459 518 495 500 490
518 487 503 483 515 486 500 496 559 509 508 542 543 483 521 506 480 492 531 469 492 500 496 537 483 520 512 500 496 527 499 497 500 496 565 506 483 545 517 494 456 546 512 512 490 490 500 496 527 504 486 541 483 511 500 541 507 507 483 493 518 483 487 463 524 482 484 497 498 497 497 478 477 523 502 503 478 478 520 490 483 462 511 491 490 558 542 483 484 533 511 500 496
515 485 485 513 487 498 493 515 485 555 465 459 449 445 506 506 540 540 527 500 500 474 473 525 497 497 475 492 476 492 476 515 485 485 499 556 541 483 503 528 500 496 513 487 498 493 525 497 497 475 492 476 492 476 515 485 485 499 561 541 499 483 527 500 496 513
518 487 503 483 515 486 500 496 545 513 512 546 547 483 578 519 553 542 567 486 483 550 490 451 463 519 529 519 489 483 526 475 512 523 477 477 508 509 500 496 518 483 494 493 536 483 520 511 500 496 500 491 483 519 491 519 517 483 500 518 526 476 500 477 477 508 506 493 494 500 496
518 487 503 483 514 486 500 496 558 509 508 542 543 483 521 506 480 492 531 469 492 500 496 517 506 483 545 517 494 456 519 479 512 524 476 481 503 530 470 470 519 519 487 486 501 501 518 507 507 483 493 531 483 513 500 493 493 522 492 479 541 483 511 500 537 525 504 464 484 500 493 518 498 498 481 481 518 483 432 464 483 500 496
557 464 490 442 514 531 514 486 500 496 525 493 510 491 476 516 485 486 500 496
518 487 503 483 514 486 500 496 558 553 553 522 522 483 500 496 517 506 483 523 503 477 503 524 477 476 508 509 575 426 560 488 469 507 526 441 517 487 483 483 525 476 499 476 499 599 402 429 448 478 561 500 519 542 580 500 496
518 487 503 483 515 486 500 496 559 483 530 530 506 515 485 500 496 517 498 476 490 504 486 486 525 483 501 525 495 558 537 537 522 522 483 516 485 484 493 524 483 487 463 524 482 484 497 498 497 497 478 477 523 502 503 478 478 520 490 483 462 563 504 490 495 534 472 494 467 508 613 485 485 499 515 485 501 500 496
526 474 510 519 503 482 547 454 478 498 532 522 479 504 519 503 482 511 491 490 523 511 496 478 515 485 485 499 603 397 426 445 469 488 516 535 569 588 500 496 523 477 488 508 563 437 466 485 514 548 500 496 519 503 482 534 466 466 508 508 506 506 515 485 485 499 569 432 456 475 505 524 543 500 496 522 479 504 529 485 505 471 499 529 500 517 472 508 493 493 523 511 496 478 515 485 485 499 573 427 446 474 493 527 547 511 491 490 584 416 435 458 481 504 527 550 569 520 490 483 462 526 496 496 475 510 515 485 485 499 532 469 469 508 508 523 502 503 478 478 500 496
518 487 503 483 515 486 500 496 568 544 520 548 530 483 536 483 464 498 517 525 495 476 564 542 483 484 533 511 646 524 524 527 527 483 500 496 513 487 498 493 536 483 520 511 515 485 500 496 535 483 483 508 504 530 470 470 508 509 515 485 524 477 477 508 506 493 494 500 497 471 513 514 500 493 520 490 483 462 511 491 490 564 542 483 484 533 511 523 477 487 522 479 504 515 485 521 479 491 488 494 522 483 509 479 518 459 483 437 549 483 475 488 520 515 485
518 487 503 483 516 486 485 500 496 568 519 518 552 553 483 447 481 500 534 483 472 505 488 500 496 483 488 509 500 496
534 503 519 500 467 466 500 496 562 565 529 551 516 483 536 483 481 479 503 507 582 523 557 546 571 487 483 500 496 523 493 477 524 482 484 497 498 497 497 478 477 500 496 518 483 491 493 518 483 487 463 524 482 484 497 498 497 497 478 477 523 502 503 478 478 520 490 483 462 514 487 494 514 497 497 487 487 500 496
518 487 503 483 514 486 500 496 558 519 539 483 500 496 518 507 507 483 493 515 496 500 485 547 463 454 520 506 487 500 493 526 475 512 524 476 481 503 530 470 470 519 519 487 486 501 501 518 507 507 483 493 531 503 520 469 495 516 486 486 501 485 501 500 496 522 498 476 504 486 518 507 507 483 493 518 483 487 463 500 497 483 513 500 493 493 500 521 555 544 569 485 483 500 496
534 503 519 500 467 500 496 564 528 527 560 560 483 531 504 553 542 567 486 483 550 490 451 463 519 529 519 489 483 526 475 512 523 477 477 508 509 500 496 518 483 494 493 536 483 520 511 500 496 500 491 483 519 491 519 517 483 500 518 526 476 500 477 477 508 506 493 494 500 496
527 473 473 500 499
521 480 491 513 487 498 493 515 485 543 512 483 515 485 485 490 573 427 446 474 493 527 547 519 503 482 511 491 490 533 467 467 503 504 515 485 485 499 511 491 490 538 513 462 497 478 515 485 485 499 511 491 490 534 466 466 508 508 506 506 500 496 536 483 520 511 500 496 574 553 553 536 536 517 483 520 483 501 511 490 518 483 487 463 516 500 485 522 479 504 500 496 517 506 483 529 471 471 504 511 490 500 496 518 483 486 517 506 483 500 490 517 506 483 518 483 487 463 519 482 492 511 490 522 510 495 478 520 490 483 462 511 491 490 537 464 464 508 511 499 500 500 496 540 461 525 500 522 479 504 515 485 485 499 517 506 483 500 496 513 487 498 493 517 506 483 518 483 487 463 532 469 469 508 508 515 504 486 525 498 498 475 475 522 479 481 507 507 500 496
534 503 519 500 467 469 500 496 590 565 529 551 516 483 536 483 481 479 503 507 582 523 557 546 571 487 483 500 496 523 493 477 524 482 484 497 498 497 497 478 477 500 496 518 483 491 493 518 483 487 463 524 482 484 497 498 497 497 478 477 523 502 503 478 478 520 490 483 462 514 487 500 493 518 488 483 462 511 491 490 564 542 483 484 533 511 523 477 487 522 479 504 515 485 524 494 510 477 511 511 523 500 500 478 526 496 474 522 483 509 479 572 513 513 545 545 483 518 483 504 490 495 517 506 483 500 490
518 487 503 483 516 485 500 496 558 509 508 542 543 483 521 506 480 492 531 469 492 500 496 515 492 478 520 483 488 500 496 527 490 497 473 564 542 483 509 533 483 522 492 479 518 483 484 463 524 482 484 497 498 497 497 478 477 523 502 503 478 478 520 490 483 462 511 490 500 496
518 487 503 483 515 485 500 496 545 534 510 483 550 518 526 476 537 483 520 512 526 475 512 572 508 483 528 551 522 492 479 500 496 538 483 489 523 483 500 496 517 506 483 537 483 520 511 516 485 485 505 488 505 558 518 483 547 500 496 522 492 479 535 524 504 465 484 500 493
518 487 503 483 514 486 500 496 557 530 529 483 500 496 518 507 507 483 493 515 496 500 485 547 463 454 520 506 487 500 493 526 475 512 524 476 481 503 530 470 470 519 519 487 486 501 501 518 507 507 483 493 536 483 527 527 513 634 597 597 500 502 575 483 510 531 553 563 558 568 500 496
518 487 503 483 515 486 500 496 557 519 539 483 500 496 518 507 507 483 493 515 496 500 485 547 463 454 520 506 487 500 493 526 475 512 524 476 481 503 530 470 470 519 519 487 486 501 501 518 507 507 483 493 531 503 520 469 495 516 486 486 501 485 501 500 496 524 500 476 504 486 518 507 507 483 493 518 483 487 463 500 496
518 487 503 483 515 486 500 496 559 513 512 546 547 483 578 519 553 542 567 486 483 550 490 451 463 519 529 519 489 483 526 475 512 523 477 477 508 509 500 496 518 483 494 493 536 483 520 511 500 496 500 491 483 519 491 519 517 483 500 518 526 476 518 498 482 500 497 483 513 500 493 493 517 506 483 500 496
515 485 499 513 487 498 493 515 485 536 483 520 511 518 488 485 483 515 485 500 496 517 506 483 541 483 511 500 508 490 546 471 471 523 506 523 454 547 483 465 498 517 543 483 521 541 500 490
518 487 503 483 515 485 500 496 558 509 508 542 543 483 521 506 480 492 531 469 492 500 496 537 483 520 512 500 496 527 499 500 533 524 490 483 509 533 483 522 492 479 518 483 488 490 500 496 529 483 490 455 518 522 492 479 528 477 472 512 507 500 496
515 485 487 513 487 498 493 582 508 483 569 569 556 556 531 483 509 509 476 476 497 497 523 478 511 486 524 476 481 503 510 490 513 487 498 493 527 474 511 529 511 472 517 522 522 511 472 503 500 496
534 503 519 499 467 500 496 563 438 457 476 510 533 500 496 429 425 463 482 508 528 551 500 496 600 400 430 449 475 494 528 562 581 500 496
518 487 503 483 515 486 500 496 557 519 539 483 500 496 518 507 507 483 493 515 496 500 485 547 463 454 520 506 487 500 493 526 475 512 524 476 481 503 530 470 470 519 519 487 486 501 501 518 507 507 483 493 531 503 520 469 495 516 486 486 501 485 501 500 496 524 500 476 504 486 518 507 507 483 493 518 483 487 463 500 496
518 487 503 483 514 486 500 496 559 553 553 522 522 483 500 496 517 506 483 523 503 477 503 524 477 476 508 509 575 426 560 488 469 507 526 441 517 487 483 483 525 476 499 476 499 599 402 429 448 478 561 500 519 542 580 500 496
518 487 503 483 515 486 500 496 558 553 553 522 522 483 500 496 517 506 483 523 503 477 503 524 477 476 508 509 575 426 560 488 469 507 526 441 517 487 483 483 525 476 499 476 499 599 402 429 448 478 561 500 519 542 580 500 496
515 485 513 487 498 493 563 483 532 532 508 552 483 524 501 500 477 519 503 482 511 491 490 534 466 466 508 508 506 506 515 485 485 499 518 483 475 466 500 496 519 503 482 511 491 490 525 511 484 475 481 496 515 485 485 499 561 439 458 478 497 516 535 500 493 513 487 498 493 511 490 491 520 481 509 509 481 523 477 507 477 507 511 490 500 496 513 487 498 493 550 525 525 483 529 529 500 496
518 487 503 483 514 486 500 496 545 565 529 551 516 483 536 483 481 479 503 507 582 523 557 546 571 487 483 500 496 523 493 477 524 482 484 497 498 497 497 478 477 500 496 518 483 491 493 518 483 487 463 524 482 484 497 498 497 497 478 477 523 502 503 478 478 520 490 483 462 514 487 494 514 497 497 487 487 500 496
515 485 513 487 498 493 562 439 458 484 518 537 534 466 476 519 505 493 503 518 483 475 466 500 496 515 485 500 496 513 487 498 493 514 487 496 565 483 539 497 521 542 500 496 513 487 498 493 520 492 491 480 522 479 504 515 485 520 481 509 509 481 500 496 513 487 498 493 515 485 538 457 480 505 524 543 500 496
518 487 503 483 514 486 500 496 557 546 539 483 500 496 518 507 507 483 493 515 496 500 485 547 463 454 520 506 487 500 493 526 475 512 524 476 481 503 530 470 470 519 519 487 486 501 501 518 507 507 483 493 531 503 520 469 495 516 486 486 501 485 501 500 496 522 498 476 491 484 518 507 507 483 493 518 483 487 463 500 497 483 513 500 493 493 500 521 555 544 569 485 483 500 496
515 485 499 513 487 498 493 562 438 457 491 517 541 493 536 483 520 511 518 488 485 483 515 483 475 466 537 570 580 593 500 496 525 476 477 510 510 543 483 513 511 491 490 582 523 557 546 571 487 483 500 496 563 483 532 532 508 552 483 541 483 511 500 515
534 503 519 500 467 470 500 496 564 483 521 541 500 496 557 546 571 487 483 578 490 451 463 519 529 519 489 483 500 475 512 523 477 477 508 509 500 496
518 487 503 483 514 485 500 496 559 538 538 522 522 483 518 483 484 483 497 500 438 443 418 523 505 438 527 500 506 450 527 470 500 497 497 479 479 500 496 517 506 483 518 483 487 463 524 482 484 497 498 497 497 478 477 523 505 558 568
518 487 503 483 515 485 491 500 496 572 513 512 546 547 483 550 518 526 476 500 496 518 483 487 463 526 463 463 515 515 581 517 483 537 560 520 483 490 455 500 496
515 485 513 487 498 493 571 547 483 432 464 483 521 483 520 511 521 506 485 490 538 517 500 496 515 483 485 541 483 484 533 511 549 524 524 527 527 483 500 496 573 549 483 537 549 509 500 496 513 487 498 493 575 483 537 549 509
518 487 503 483 515 486 500 496 558 537 537 522 522 483 518 483 487 463 538 462 480 505 523 518 483 465 465 483 483 500 496 517 506 483 518 482 483 483 466 500 496 517 506 483 518 482 483 467 522 479 504 515 485 524 477 477 508 506 493 494 522 478 478 507 506 519 503 482 511 491 490 524 485 477 497 515 485 485 499 514 487 488 537 464 464 508 511 499 500 500 496 517 506 483 524 477 510 477 511 511 523 500 500 478 526 496 474 522 483 509 479 572 513 513 545 545 483 518 483 504 490 495 517 506 483 500 490 539 512 486 469 504 486 461 503 530 503 503 470 470 486 486 517 506 483 526 496 474 550 518 526 476 515 485 485 499 514 486 494 486 494 515 485 500 496
518 487 503 483 516 485 485 500 496 572 519 518 552 553 483 447 481 500 534 483 472 505 488 500 496 463 484 519 491 511 468 494 493
518 487 503 483 516 485 488 500 496 568 519 518 552 553 483 447 481 500 534 483 472 505 488 500 496 463 484 519 491 511 468 494 493 517 500 496
534 503 519 500 467 470 500 496 566 483 496 531 549 522 514 487 522 510 495 478 500 496 515 485 537 464 507 500 495 558 537 537 522 522 483 516 485 484 493 538 513 462 497 478 551 516 516 496 467 467 450 450 540
518 487 503 483 514 486 500 496 583 553 553 522 522 483 500 496 517 506 483 523 503 477 503 524 477 476 508 509 575 426 560 488 469 507 526 441 517 487 483 483 525 476 499 476 499 599 402 429 448 478 561 500 519 542 580 500 496
512 486 490 518 544 520 548 530 483 547 483 465 498 517 525 495 476 564 542 483 484 533 511 549 524 524 527 527 483 578 550 523 522 550 483 500 496 513 487 498 493 536 483 520 511 515 485 500 496 535 483 483 508 504 530 470 470 508 509 515 485 524 477 477 508 506 493 494 529 487 471 513 514 500 493 520 490 483 462 511 491 490 564 542 483 484 533 511 523 477 487 522 479 504 515 485 521 479 491 488 494 522 483 509 479 518 459 483 437 549 483 475 488 526
518 487 503 483 514 486 500 496 583 553 553 522 522 483 500 496 517 506 483 523 503 477 503 524 477 476 508 509 575 426 560 488 469 507 526 441 517 487 483 483 525 476 499 476 499 599 402 429 448 478 561 500 519 542 580 500 496
515 485 499 513 487 498 493 515 485 543 483 562 483 520 511 518 488 485 483 515 485 500 496 515 499 486 561 439 458 484 518 537 500 496 561 487 498 493 514 487 496 565 483 539 497 521 542 500 496 513 487 498 493 521 483 512 461 494 459 541 483 511 500 515 504 486 561 487 498 493 515 485 522 492 516 550 500 490
518 487 503 483 514 486 500 496 557 519 518 552 553 483 500 496 517 506 483 523 503 477 503 524 477 476 508 509 575 426 560 488 469 507 526 441 517 487 483 483 525 476 499 476 499 599 402 429 448 478 561 500 519 542 580 500 496
514 486 513 487 498 493 515 485 527 500 500 474 473 582 419 438 457 491 510 529 548 567 500 496 513 493 487 541 483 511 500 500 496 565 436 455 474 497 516 535 526 483 511 510 500 496 514 487 496 529 483 467 502 575 483 510 531 553 563 558 568 500 490 520 490 483 462 511 490 520 481 509 509 481 527 503 474 507 491 518 483 461 572 548 524 483 552 534 535 483 508 517 500 496 513 487 498 493 511 490 537 483 506 523 535 483 464 496 520 518 483 465 480 490 513 487 498 493 530 483 462 460 504 499 503 466 500 496 534 506 483 483 599 401 430 450 484 518 537 561 580 500 496
518 487 503 483 514 486 500 496 559 528 527 521 506 483 521 483 447 437 486 470 483 500 496 517 506 483 545 483 549 533 483 522 499 508 500 496 513 487 498 493 521 492 507 507 483 493 536 482 484 497 498 497 497 478 477 544 502 503 478 478 519 489 483 462 511 490 500 496
557 464 490 442 514 531 515 485 500 496 525 493 510 491 476 515 485 486 500 496
516 493 491 496
518 487 503 483 515 486 491 500 496 545 534 510 483 550 518 526 476 537 483 520 512 526 475 512 572 508 483 528 551 522 492 479 500 496 538 483 489 523 483 500 496 517 506 483 537 483 520 512 516 485 485 505 488 505 558 518 483 547 500 496
518 487 503 483 515 486 500 496 545 553 483 500 496 518 507 507 483 493 515 496 500 485 547 463 454 520 506 487 500 493 526 475 512 524 476 481 503 530 470 470 519 519 487 486 501 501 518 507 507 483 493 531 503 520 469 495 516 486 486 501 485 501 500 496 522 498 476 504 486 518 507 507 483 493 518 483 487 463 500 496
518 487 503 483 514 486 500 496 559 519 539 483 500 496 518 507 507 483 493 515 496 500 485 547 463 454 520 506 487 500 493 526 475 512 524 476 481 503 530 470 470 519 519 487 486 501 501 518 507 507 483 493 531 503 520 469 495 516 486 486 501 485 501 500 496 568 544 520 548 534 483 500 496
515 485 491 513 487 498 493 515 485 543 483 468 498 517 525 495 476 519 542 483 484 533 511 500 496 514 483 485 497 487 526 499 474 527 483 495 504 528 479 504 515 485 524 477 477 508 506 493 494 529 472 472 505 505 522 479 528 477 472 512 507 500 496
518 487 503 483 515 486 500 496 558 553 553 536 536 517 483 530 503 503 470 470 486 486 517 506 483 541 483 511 500 508 493 493 522 499 508 467 528 483 472 505 488 500 496 518 483 432 464 483 515 463 524 482 484 497 498 497 497 478 477 522 502 503 478 478 520 490 483 462 511 490 500 483
515 485 513 487 498 493 515 485 518 483 487 463 560 440 473 496 530 564 542 483 484 533 511 500 496 514 487 496 520 497 497 481 518 483 487 463 518 483 504 490 495 521 480 494 506 564 542 483 484 533 511 500 496 513 487 498 493 521 480 495 507 564 542 483 484 533 511 520 497 497 481 518 483 504 490 495 515 485 500 496 513 487 498 493 515 485 523 477 492 460 522 498 498 480 479 519 503 482 549 483 475 488 520 515 485 485 499 527 498 497 487 473 514 487 496 570 483 471 546 528 517 500 496
514 486 490 568 544 520 548 530 483 511 491 490 533 522 499 508 467 538 462 480 505 523 518 483 465 465 483 483 646 537 483 527 527 513 634 597 597 520 490 483 462 520 492 491 480 514 487 496 527 474 494 516 499 513 487 498 493 514 487 496 556 462 456 447 444 503 503 537 537 500 496 520 481 502 526 483 511 510 646 537 483 527 527 513 634 597 597 500 496
518 487 503 483 514 486 491 500 496 563 553 553 522 522 483 500 496 517 506 483 523 503 477 503 524 477 476 508 509 575 426 560 488 469 507 526 441 514 487 483 483 525 476 499 476 499 599 402 429 448 478 561 500 519 542 580 500 496
514 486 513 487 498 493 515 485 518 486 483 521 491 490 518 496 482 573 542 527 500 496 513 487 498 493 526 496 479 526 499 475 514 487 487 564 483 475 487 556 552 541 519 513 487 498 493 515 485 475 604 396 448 468 502 532 500 496 513 487 498 493 514 487 488 575 483 510 531 553 563 558 568 500 496 513 487 498 493 528 473 503 522 500 496
518 487 503 483 522 492 479 500 496 568 544 520 534 548 483 525 495 476 500 496 544 483 485 497 487 526 499 474 546 471 471 523 506 523 454 613 483 513 455 500 493 483 483 537 549 509 495 476 467 506 520 484 534 472 494 467 508 613 483 513 566 586 570 568 483 488 525 542 545 500 496
518 487 503 483 515 486 500 496 557 553 553 483 500 496 518 507 507 483 493 515 496 500 485 547 463 454 520 506 487 500 493 526 475 512 524 476 481 503 530 470 470 519 519 487 486 501 501 518 507 507 483 493 531 503 520 469 495 516 486 486 501 485 501 500 496 524 500 476 504 486 518 507 507 483 493 518 483 487 463 500 496
518 487 503 483 514 486 500 496 583 553 553 522 522 483 500 496 517 506 483 523 503 477 503 524 477 476 508 509 575 426 560 488 469 507 526 441 517 487 483 483 525 476 499 476 499 599 402 429 448 478 561 500 519 542 580 500 496
515 485 496
518 487 503 483 514 486 500 496 558 553 553 522 522 483 500 496 517 506 483 523 503 477 503 524 477 476 508 509 575 426 560 488 469 507 526 441 517 487 483 483 525 476 499 476 499 599 402 429 448 478 561 500 519 542 580 500 496
534 503 519 500 467 470 500 496 590 565 529 551 516 483 531 504 497 479 469 480 492 518 483 487 463 526 489 496 474 474 496 489 500 496 538 513 462 497 478 528 501 501 472 472 516 501 485 501 538 513 462 497 478 522 510 503 478 520 505 505 480 480 518 483 487 463 535 465 465 512 512 522 510 503 478 520 505 505 480 480 520 505 481 500 496
518 487 503 483 515 486 500 496 563 552 520 548 548 483 525 495 476 526 483 487 463 538 463 463 515 515 581 517 483 537 560 520 483 490 455 500 493 483 483 537 549 509 495 476
518 487 503 483 515 486 491 500 496 545 483 530 530 506 515 504 504 492 495 486 486 500 496 517 506 483 545 483 501 564 549 523 523 549 483 515 485 484 493 538 513 462 497 478 551 516 516 496 467 467 450 450 540 540 496 518 491 483 541 459 516 495 498 539 509 486 462 500 496 572 553 553 536 536 517 483 530 470 470 508 509 524 535 571 487 483 513 490 498 487 503 500 490
518 487 503 483 514 486 500 496 557 553 553 522 522 483 500 496 517 506 483 523 503 477 503 524 477 476 508 509 575 426 560 488 469 507 526 441 517 487 483 483 525 476 499 476 499 599 402 429 448 478 561
518 487 503 483 515 486 500 496 557 483 521 541 500 496 518 506 504 515 485 500 496 515 483 521 541 500 496 515 485 486 517 506 483 530 470 470 508 509 524 497 493 482 480 522 492 479 518 507 507 483 493 531 483 512 461 494 459 500 493 513 487 498 493 515 486 524 483 511 500 520 481 502 515 485 482 515 504 486 541 472 459 518 495 500 496
518 487 503 483 514 486 500 496 545 553 553 483 536 483 520 511 518 488 485 483 538 463 497 519 500 496 573 552 535 518 483 514 485 479 500 493 520 490 483 462 526 492 486 480 514 485 477 524 482 484 497 498 497 497 478 477 523 502 503 478 478 520 490 483 462 511 490 500 481 509 509 481 500 477 507 477 507 500 493 520 490 483 462 514 486 489 482 518 459 483 437 519 482 504 534 466 466 508 508 506 506 500 496
518 487 503 483 515 486 491 500 496 545 513 512 546 547 483 578 519 553 542 567 486 483 550 490 451 463 519 529 519 489 483 526 475 512 523 477 477 508 509 500 496 518 483 494 493 536 483 520 511 500 496 500 491 483 519 491 519 517 483 500 518 526 476 500 477 477 508 506 493 494 500 496
518 487 503 483 514 486 500 496 558 519 539 483 500 496 518 507 507 483 493 515 496 500 485 547 463 454 520 506 487 500 493 526 475 512 524 476 481 503 530 470 470 519 519 487 486 501 501 518 507 507 483 493 536 483 527 527 513 634 597 597 500 496 522 498 498 480 479 519 503 482 511 511 486 517 487 494 500 496
542 511 483 518 524 512 496 575 483 542 560 500
518 487 503 483 515 486 500 496 558 519 539 483 500 496 518 507 507 483 493 515 496 500 485 547 463 454 520 506 487 500 493 518 526 512 524 476 481 503 530 470 470 519 519 487 486 501 501 518 483 487 463 524 482 484 497 498 497 497 478 477 523 502 503 478 478 520 490 483 462 514 487 494 514 497 497 487 487 500 496
515 485 513 487 498 493 582 419 453 484 518 537 556 536 483 520 511 518 488 485 483 538 463 518 459 483 437 582 523 557 546 571 487 483 500 496 513 487 498 493 524 494 477 524 482 484 497 498 497 497 478 477 523 502 503 478 478 515 485 485 499 561 429 453 473 503 522 500 496
592 409 438 457 491 510 529 553 577
515 485 499 513 487 498 493 515 483 432 464 483 536 483 520 511 515 485 485 490 538 517 483 519 503 482 518 483 447 437 486 470 483 500 496 519 482 501 500 496 517 506 483 518 482 483 467 522 479 504 515 485 524 477 477 508 506 493 494 522 478 478 507 506 519 503 482 511 491 490 524 485 477 497 515 485 485 499 514 487 532 475 476 504 503 468 500 496 520 490 483 462 517 506 483 524 477 510 477 511 511 523 500 500 478 526 496 474 522 483 509 479 572 513 513 545 545 483 518 483 504 490 495 517 506 483 500
557 464 490 442 514 531 515 485 500 496 525 493 510 491 476 515 484 485 500 496
515 485 486 513 487 498 493 568 433 453 472 491 510 529 562 593 500 496 513 487 498 493 526 496 520 537 527 474 509 503 556 483 521 541 500 490
518 487 503 483 516 485 500 496 545 508 508 491 491 472 485 485 505 488 505 505 485 492 515 473 480 480 492 493 507 507 483 493 500 496
534 503 519 500 467 466 500 496 590 565 529 551 516 483 531 504 497 479 469 480 492 518 483 487 463 526 489 496 474 474 496 489 500 496
514 486 513 487 498 493 515 485 543 500 500 474 473 582 419 438 457 491 510 529 548 567 500 496 513 493 487 541 483 511 500 500 496 565 436 455 474 497 516 535 526 483 511 510 500 496 514 487 496 529 483 467 502 575 483 510 531 553 563 558 568 500 490 520 490 483 462 511 490 520 481 509 509 481 527 503 474 507 491 518 483 461 572 548 524 483 552 534 535 483 508 517 500 496
518 487 503 483 515 486 500 496 545 553 553 522 522 483 500 496 517 506 483 523 503 477 503 524 477 476 508 509 575 426 560 488 469 507 526 441 517 487 483 483 525 476 499 476 499 599 402 429 448 478 561 500 519 542 580 500 496
512 496 490 504 523 483 497 515 485 523 508 509 509 481 518 483 488 488 494 493 524 477 477 509 509 500 496 527 483 478 459 524 477 477 509 509 529 482 496 506 517 521 490 478 506 515 485 500 496
518 487 503 483 515 485 491 500 496 566 534 548 534 483 516 485 477 526 475 512 526 475 512 581 508 483 528 551 522 492 479 500 496
518 487 503 483 515 486 491 500 496 568 538 538 521 521 483 530 483 462 460 504 499 503 466 500 496 518 483 462 468 468 466 474 494 509 481 500 496 524 494 477 524 482 484 497 498 497 497 478 477 523 502 503 478 478 520 490 483 462 514 487 494 514 497 497 487 487 524 485 527 527 483 500 496 513 487 498 493 545 471 481 505 505 500 496
534 503 519 499 467 500 496 590 565 529 551 516 483 578 483 481 479 503 507 582 523 557 546 571 487 483 500 496 523 493 477 524 482 484 497 498 497 497 478 477 500 496 518 483 491 493 518 483 487 463 524 482 484 497 498 497 497 478 477 523 502 503 478 478 520 490
518 483 489 490
515 485 513 487 498 493 562 439 458 484 518 537 534 466 476 519 505 493 503 518 483 475 466 500 496 515 485 500 496 513 487 498 493 514 487 496 565 483 539 497 521 542 500 496 513 487 498 493 520 492 491 480 522 479 504 515 485 520 481 509 509 481 500 496 513 487 498 493 538 463 497 519 542
518 487 503 483 515 485 500 496 572 513 512 546 547 483 447 481 500 534 483 472 505 488 500 496 537 483 520 512 500 496 483 512 461 494 459 500 496
515 485 499 513 487 498 493 573 428 448 467 500 534 553 525 498 498 475 475 500 496 513 487 498 493 551 449 468 487 521 515 485 485 499 588 412 446 465 484 504 530 550 573 523 503 478 511 491 490 616 483 505 589 580 554
518 487 503 483 515 485 500 496 558 509 508 542 543 483 521 506 480 492 531 469 492 500 496 537 483 520 512 500 496 527 499 497 470 564 542 483 509 533 483 522 492 479 518 483 488 490 500 496 529 483 490 455 518 522 492 479 528 477 472 512 507 500 496
518 487 503 483 515 486 500 496 555 508 508 491 491 472 516 486 485 505 488 505 518 461 487 496 570 483 471 546 528 517 500 496 527 490 497 473 564 542 483 543 533 483 522 492 479 518 483 484 463 524 482 484 497 498 497 497 478 477 523 518 526 476 500 477 477 508 506 493 494 500 496
518 487 503 483 515 486 491 500 496 568 552 520 548 530 483 515 485 500 496 537 483 527 527 513 634 597 597 520 490 483 462 520 492 491 480 514 487 496 565 483 539 497 521 542 500 496 522 479 498 493 520 483 484 463 524 482 484 497 498 497 497 478 477 523 502 503 478 478 520 490 483 462 511 493 478 520 483 462 511 491 490 564 542 483 484 533 511 523 477 487 522 479 504 515 485 521 479 491 488 494 522 496
518 487 503 483 515 486 500 496 558 537 537 522 522 483 518 483 487 463 538 462 480 505 523 517 483 465 465 483 483 646 537 483 527 527 513 634 597 597 520 490 483 462 520 492 491 480 514 485 501 538 513 462 497 478 522 510 503 478 520 505 505 480 480 518 483 487 463 535 465 465 512 512 522 510 503 478 520 505 505 480 480 520 505 481 500 496 520 490 483 462 517 506 483 524 477 510 477 511 511 523 500 500 478 526 496 474 522 483 509 479 572 513 513 545 545 483 518 483 504 490 495 517 506 483 500 496
515 496 485 566 518 552 518 553 554 483 523 483 477 488 480 550 518 526 476 516 485 490 491 526 499 475 501 523 477 507 477 507 500 496
518 487 503 483 515 486 500 496 558 513 462 497 478 526 501 501 472 472 516 496 522 483 509 479 572 446 515 483 500 496 522 492 508 467 528 483 472 505 488 500 496 518 488 485 483 515 485 500 477 518 483 487 463 524 482 484 497 498 497 497 478 477 523 512 520 483 500 496
516 486 489 489
518 487 503 483 515 485 500 496 568 544 520 534 548 483 525 495 476 518 483 487 463 538 463 463 515 515 581 517 483 537 560 520 483 490 455 500 493 483 483 537 549 509 495 476 467 506 520 484 534 472 494 467 508 613 483 513 509 525 477 477 508 509 500 496
515 485 499 513 487 498 493 515 485 487 593 483 512 546 534 492 504 492 483 562 519 553 542 567 486 483 525 500 496 513 487 498 493 554 447 471 490 524 522 479 504 515 485 524 509 477 509 477 519 503 482 514 487 494 519 498 482 515 485 522 477 477 508 506 493 494 529 517 497 480 547 509 526 500 483 454 513 487 498 493
557 464 490 442 514 531 515 485 500 496 525 493 510 491 476 516 485 500 496
518 487 503 483 515 486 500 496 545 519 539 483 500 496 518 507 507 483 493 515 496 500 485 547 463 454 520 506 487 500 493 526 475 512 524 476 481 503 530 470 470 519 519 487 486 501 501 518 507 507 483 493 531 503 520 469 495 516 486 486 501 485 501 500 496 522 544 526 511 513 487 498 493 515 486 488 564 483 475 487 556 552 541 519 500 496 568 544 520 548 530 483 515 485 521 462 480 505 523 604 486 491 483 481 489 559 566 589 516 486 486 485 501 501 520 490 483 462 511 491 490 526 474 510 539 478 472 461 516 511 500 496 519 487 484 483 515 485 530 470 470 508 509 543 512 483 525 495 476 500 496
518 487 503 483 515 485 500 496 568 519 518 552 553 483 500 496 517 506 483 524 476 477 503 524 477 476 508 509 575 426 560 488 469 507 526 441 517 487 483 483 525 476 499 476 499 599 402 429 448 478 561 500 519 542 580 500 496
518 487 503 483 515 486 491 500 496 562 513 512 546 547 483 578 523 557 546 571 487 483 500 496 523 483 487 463 524 482 484 497 498 497 497 478 477 500 496 517 506 483 518 483 487 463 524 482 484 497 498 497 497 478 477 523 482 497 498 497 497 478 477 523
518 487 503 489 485
518 487 503 483 516 485 500 496 559 513 512 546 547 483 521 506 495 483 537 475 512 526 475 512 524 479 483 528 551 522 492 479 500 496 538 483 489 523 483 500 496 517 506 483 537 483 520 512 516 485 485 505 488 505 558 518 483 547 500 496 513 486 479 535 524 504 465 484 500 493
518 487 503 483 515 485 500 496 559 513 512 546 547 483 521 520 553 542 567 486 483 550 490 451 463 519 529 519 489 483 526 475 512 523 477 477 508 509 500 496 518 483 494 493 536 483 520 511 500 496 500 491 483 519 491 519 517 483 500 518 526 476 500 477 477 508 506 493 494 500 496
534 503 519 499 467 500 496 562 513 512 546 547 483 578 519 553 542 567 486 483 550 490 451 463 519 529 519 489 483 526 475 512 523 477 477 508 509 500 496 518 483 494 493 536 483 520 511 500 496 500 491 483 519 491 519 517 483 500 518 526 476 500 477 477 508 506 493 494 500 496
518 487 503 483 515 485 500 496 557 513 512 546 547 483 521 506 492 483 500 496 515 504 486 564 542 483 484 533 511 500 496 527 490 497 473 564 542 483 509 533 483 522 492 479 518 483 488 490 500 496
515 485 485 528 477 472 512 507 500 496 530 503 503 470 470 486 486 520 507 507 483 493 538 462 480 505 523 516 485 485 505 488 505 518 462 483 483 536 511 483 518 527 483 495 504 500 496 513 487 498 493 520 509 509 526 496 474 500 496 513 487 498
518 487 503 483 515 486 500 496 555 518 518 522 522 483 500 496 517 506 483 523 503 477 503 524 477 476 508 509 575 426 560 488 469 507 526 441 517 487 483 483 525 476 499 476 499 599 402 429 448 478 561 500 519 542 580 500 496
518 487 503 483 514 486 500 496 557 464 450 432 553 525 527 500 500 474 473 500 496 525 487 498 493 524 483 475 487 556 552 541 519 500 496 513 487 498 493 524 509 477 509 477 511 490 531 512 508 477 500 496 513 487 498 493 514 487 496 556 462 456 447 444 503 503 537 537 500 496 574 481 502 526 483 511 510 500 496 513 487 498 493 522 510 510 479 523 478 511 486 514 487 488 596 483 521 569 551 500 490
518 487 503 483 515 485 500 496 545 483 530 533 511 530 492 499 474 470 495 500 524 524 527 527 483 500 496 513 487 498 493 520 509 509 509 481 591 483 510 531 553 563 558 568 500 496 513 487 498 493 520 509 509 481 604 483 475 466 537 570 580 593 500 496 513 487 498 493 512 483 500 496
526 474 510 519 503 482 547 454 478 498 532 522 479 504 519 503 482 511 491 490 523 511 496 478 515 485 485 499 603 397 426 445 469 488 516 535 569 588 500 496 523 477 488 508 563 437 466 485 514 548 500 496 519 503 482 534 466 466 508 508 506 506 515 485 485 499 569 432 456 475 505 524 543 500 496 522 479 504 529 485 505 471 499 529 500 517 472 508 493 493 523 511 496 478 515 485 485 499 573 427 446 474 493 527 547 511 491 490 584 416 435 458 481 504 527 550 569 520 490 483 462 526 496 496 475 510 515 485 485 499 532 469 469 508 508 523 502 503 478 478 500 496
534 503 519 499 467 470 500 496 562 565 529 551 516 483 536 483 481 479 503 507 582 523 557 546 571 487 483 500 496 523 493 477 524 482 484 497 498 497 497 478 477 500 496 518 483 491 493 518 483 487 463 524 482 484 497 498 497 497 478 477 523 502 503 478 478 520 490 483 462 514 487 494 514 497 497 487 487 500 496
518 487 503 483 515 486 500 496 557 519 539 483 500 496 518 507 507 483 493 515 496 500 485 547 463 454 520 506 487 500 493 526 475 512 524 476 481 503 530 470 470 519 519 487 486 501 501 518 507 507 483 493 531 503 520 469 495 516 486 486 501 485 501 500 493
518 487 503 483 515 486 500 496 558 553 553 522 522 483 500 496 517 506 483 523 503 477 503 524 477 476 508 509 575 426 560 488 469 507 526 441 517 487 483 483 525 476 499 476 499 599 402 429 448 478 561 500 519 542 580 500 496
515 485 487 513 487 498 493 563 483 520 511 518 488 485 483 514 485 500 496 563 483 549 528 517 483 485 541 483 511 500 596 523 542 563 437 500 496 563 533 483 477 512 505 500 496 513 487 488 575 483 510 531 553 563 558 568 500 490 513 487 498 493 518 491 488 575 483 510 531 553 563 558 568 500 490
557 464 490 442 514 531 514 486 500 496 525 493 510 491 476 515 484 499 500 496
518 487 503 483 515 485 500 496 558 509 508 542 543 483 578 519 553 542 567 486 483 550 490 451 463 519 529 519 489 483 526 475 512 523 477 477 508 509 500 496 518 483 494 493 536 483 520 511 500 496 500 491 483 519 491 519 517 483 500 518 526 476 500 477 477 508 506 493 494 500 496
518 487 503 483 514 486 500 496 557 519 539 483 500 496 518 507 507 483 493 515 496 500 485 547 463 454 520 506 487 500 493 526 475 512 524 476 481 503 530 470 470 519 519 487 486 501 501 518 507 507 483 493 531 503 520 469 495 516 486 486 501 485 501 500 496 568 544 520 548 534 483 500 496
518 487 503 483 515 485 500 496 545 534 510 483 550 518 526 476 537 483 520 512 526 475 512 572 508 483 528 551 522 492 479 500 496 538 483 489 523 483 500 496 517 506 483 537 483 520 512 516 485 485 505 488 505 558 518 483 547 500 496 522 492 479 535 524 504 465 484 500 493
518 487 503 483 515 486 500 496 568 553 553 522 522 483 500 496 517 506 483 523 503 477 503 524 477 476 508 509 575 426 560 488 469 507 526 441 517 487 483 483 525 476 499 476 499 599 402 429 448 478 561 500 519 542 580 500 496
514 486 490 568 544 520 548 530 483 511 491 490 533 522 499 508 467 538 462 480 505 523 518 483 465 465 483 483 646 537 483 527 527 513 634 597 597 520 490 483 462 520 492 491 480 514 487 496 527 474 494 516 499 513 487 498 493 514 487 496 556 462 456 447 444 503 503 537 537 500 496 520 481 502 526 483 511 510 646 537 483 527 527 513 634 597 597 500 496
518 487 503 483 515 485 500 496 558 509 508 542 543 483 578 519 553 542 567 486 483 550 490 451 463 519 529 519 489 483 526 475 512 523 477 477 508 509 500 496 518 483 494 493 536 483 520 511 500 496 500 491 483 519 491 519 517 483 500 518 526 476 500 477 477 508 506 493 494 500 496
534 503 519 499 467 500 496 568 519 518 552 553 483 521 520 553 542 567 486 483 550 490 451 463 519 529 519 489 483 526 475 512 523 477 477 508 509 500 496 518 483 494 493 536 483 520 511 500 496 500 491 483 519 491 519 517 483 500 518 526 476 500 477 477 508 506 493 494 500 496
518 487 503 483 514 486 500 496 583 519 553 522 522 483 500 496 517 506 483 523 503 477 503 524 477 476 508 509 575 426 560 488 469 507 526 441 517 487 483 483 525 476 499 476 499 599 402 429 448 478 561 500 519 542 580 500 496
518 487 503 483 515 486 500 496 542 483 512 509 533 506 512 514 488 512 526 475 512 572 508 483 528 551 522 492 479 500 496 518 483 487 463 524 477 512 493 500 496 517 506 483 537 483 520 512 516 485 485 505 488 505 558 518 483 547 500 496
518 487 503 483 515 485 500 496 545 513 512 546 547 483 578 519 553 542 567 486 483 550 490 451 463 519 529 519 489 483 526 475 512 523 477 477 508 509 500 496
557 464 490 442 514 531 516 486 500 496 525 493 510 491 476 515 485 486 500 496
558 461 477 546 547 483 578 550 568 530 553 542 552 535 483 550 483 550 490 451 463 519 529 519 548 530 483 526 475 512 523 477 477 508 509 500 496 518 483 494 493 536 483 520 511 500 496 527 473 483 506 506 475 513 500 493 526 507 500 496
518 487 503 483 515 485 500 496 558 509 508 542 543 483 521 506 480 492 531 469 492 500 496 515 483 520 512 500 496 527 490 497 473 564 542 483 509 533 483 522 492 479 518 483 488 490 500 496
515 485 491 513 487 498 493 526 511 483 536 483 520 511 518 488 485 483 562 439 458 484 518 537 500 496 582 523 557 546 571 487 483 533 467 470 469 504 517 487 484 562 439 458 484 518 537 500 496 513 487 498 493 536 483 520 511 518 488 485 483 515 485 500 496 510 491 545 461 461 456 530 530 507 507 518 483 432 464 483 500 496 534 505 473 466 508 531 471 504 470 517 506 483 500 496 513 487 498 493 515 485 535 465 480 505 500 496
518 487 503 483 515 486 491 500 496 572 552 560 525 483 525 495 476 518 483 487 463 538 462 480 505 523 516 485 485 505 488 505 518 462 483 483 536 511 483 518 527 483 495 504 500 496 525 507 475 507 475 515 485 499 483 462 468 468 466 474 498 482 500 496
518 487 503 483 515 486 500 496 558 553 553 483 536 483 520 511 518 488 485 483 538 463 497 519 500 496 517 506 483 545 496 523 492 486 479 523 511 496 478 515 496 524 512 486 487 531 483 506 510 498 557 557 592 591 519 503 482 534 466 466 508 508 506 506 515 485 485 499 569 432 456 475 505 524 543 500 496
544 457 457 476 499 499 532
518 487 503 483 515 485 500 496 568 538 538 521 521 483 530 495 476 518 483 487 463 538 463 463 515 515 581 517 483 537 560 520 483 490 455 500 496
518 487 503 483 516 486 500 496 559 538 538 521 521 483 518 488 520 518 507 507 483 493 538 462 480 505 523 516 485 485 505 488 505 518 462 483 483 536 511 483 518 527 483 488 463 500 496
518 487 503 483 515 485 500 496 559 513 512 546 547 483 578 519 553 542 567 486 483 550 490 451 463 519 529 519 489 483 526 475 512 523 477 477 508 509 500 496 518 483 487 463 524 482 484 497 498 497 497 478 477 500 496 513 487 498 493 552 483 510 531 553 563 558 568 500 496
518 487 503 483 515 486 500 496 558 537 536 522 522 483 518 483 487 463 538 463 463 515 515 581 517 483 537 560 520 483 490 455 500 493 518 486 483 500 496 517 506 483 518 482 483 467 522 479 504 515 485 524 477 477 508 506 493 494 522 478 478 507 506 519 503 482 511 491 490 524 485 477 497 515 485 485 499 514 487 532 475 476 504 503 468 500 496 520 490 483 462 517 506 483 524 477 510 477 511 511 523 500 500 478 526 496 474 522 483 509 479 572 513 513 545 545 483 518 483 504 490 495 517 506 483 500 490 539 512 486 469 504 486 461 503 530 503 503 470 470 486 486 517 506 483 526 496 474 550 518 526 476 515 485 485 499 514 486 494 486 494 515 485 500 496
534 503 519 500 467 470 500 496 558 565 529 551 516 483 531 501 501 479 469 480 492 518 483 487 463 526 489 496 474 474 496 489 500 496 538 513 462 497 478 528 501 501 472 472 516 501 485 501 538 513 462 497 478 522 510 503 478 520 505 505 480 480 518 483 487 463 535 465 465 512 512 522 510 503 478 520 505 505 480 480 520 505 481 500 496
518 487 503 483 515 485 500 496 557 530 477 500 496 518 506 507 483 493 515 496 500 485 547 463 454 520 506 487 500 496
516 486 485 513 487 498 493 573 542 525 527 483 520 511 518 488 485 483 538 463 497 519 500 496 573 526 526 559 559 483 515 496 488 576 483 475 487 556 552 541 519 500 496 559 476 549 487 554 511 540 483 519 503 482 527 504 504 473 489 500 496 513 487 498 493 561 440 474 497 527 504
518 487 503 483 515 486 500 496 558 537 537 522 522 483 518 483 487 463 538 462 480 505 523 518 483 465 465 483 483 500 496 517 506 483 530 470 470 508 509 520 497 493 482 480 522 492 479 500 496 513 487 498 493 517 506 483 518 483 487 463 519 496 482 508 493 493 511 506 483 518 483 487 463 524 482 484 497 498 497 497 478 477 523 502 503 478 478 520 490 483 462 517 506 483 524 477 510 477 511 511 523 500 500 478 526 496 474 522 483 509 479 572 513 513 545 545 483 518 483 504 490 495 517 506 483 500 490
528 490 504 498 473 453
518 487 503 483 514 486 490 500 496 583 417 446 464 483 550 569 500 496 572 548 524 483 500 496 517 506 483 545 517 494 456 519 482 512 524 476 481 503 530 470 470 519 519 487 486 510 510 539 478 472 461 516 511 500 496 568 548 524 483 552 534 535 483 508 517 500 496
515 487 491 513 487 498 493 515 485 536 483 520 511 518 488 485 483 514 485 500 496 517 506 483 541 483 511 500 508 504 486 561 477 476 508 509 509 492 493 497 508 493 493 529 493 491 480 514 487 496 564 483 475 487 556 552 541 519 500 496 522 479 504 541 483 511 500 520 481 502 519 503 482 515 504 486 541 472 459 518 495 500 490 513 487 498 493 514 487 488 564 483 475 487 556 552 541 519 500 485
518 487 503 483 515 486 500 496 558 534 510 483 550 518 526 476 537 483 520 512 526 475 512 572 508 483 528 551 522 492 479 500 496 538 483 489 523 483 500 496 517 506 483 537 483 520 511 516 485 485 505 488 505 558 518 483 547 500 496 522 492 479 535 524 504 465 484 500 493 518 507 507 483 493 521 497 497 479 479 500 496 498 498 475 475 505 505 480 521 498 498 480 480 500 496
515 485 501 513 487 498 493 562 438 457 491 517 541 564 518 483 432 464 483 562 438 472 491 517 536 519 493 481 500 496 513 487 498 493 554 447 521 541 574 500 493 561 440 422 460 483 512 535 541 483 511 530 500 496 513 487 498 493 522 483 512 461 494 459 535 512 507 507 518 483 432 464 483 500 496
534 503 519 500 468 467 500 496 563 438 457 476 510 533 500 496 429 425 463 482 508 528 551 500 496 600 400 430 449 475 494 528 562 581 500 496
534 503 519 500 467 466 500 496 562 513 512 546 547 483 515 504 486 564 483 475 487 556 552 541 519 500 496 518 483 486 517 506 483 500 496 523 492 492 488 470 477 470 515 504 486 524 494 494 476 500 496
518 487 503 483 515 485 500 496 563 548 548 483 500 496 518 507 507 483 493 515 496 500 485 547 463 454 520 506 487 500 496
557 464 490 442 514 531 515 486 500 496 525 493 510 491 476 515 485 486 500 496
515 485 485 513 487 498 493 568 490 564 483 475 487 556 552 541 519 515 485 485 499 593 407 480 437 498 452 521 541 574 500 496 513 487 498 493 551 450 484 504 538 557 500 496 513 487 498 493 551 449 468 502 532 500 496 513 487 498 493 514 487 487 577 483 510 531 553 563 558 568 500 496
518 487 503 483 515 486 500 496 558 535 553 522 522 483 578 496 517 506 483 523 503 477 503 524 477 476 508 509 575 426 560 488 469 507 526 441 517 487 483 483 525 476 499 476 499 599 402 429 448 478 561 500 519 542 580 500 496
518 487 503 483 514 486 500 496 568 450 470 505 534 553 525 498 498 475 475 500 496 513 487 498 493 551 449 468 487 521 515 485 485 499 588 412 446 465 484 504 530 550 573 523 503 478 511 491 490 616 483 505 589 580 554 566 576 565 532 468 485 517 498 519 503 482 514 487 534 467 494 467 508 500 496
518 487 503 483 514 485 500 496 568 518 518 552 553 483 500 496 517 506 483 524 503 477 503 524 477 476 508 509 575 426 560 488 469 507 526 441 517 487 483 483 525 476 499 476 499 599 402 429 448 478 561 500 519 542 580 500 496
518 487 503 483 514 486 500 496 557 519 518 551 553 483 500 496 517 506 483 523 503 477 503 524 477 476 508 509 575 426 560 488 469 507 526 441 517 487 483 483 525 476 499 476 499 599 402 429 448 478 561 500 519 542 580 500 496
518 487 503 483 515 485 500 496 545 534 530 483 500 496 517 506 483 537 483 520 512 526 475 512 572 508 483 528 551 522 492 479 500 496 538 483 489 523 483 500 496 517 506 483 537 483 520 512 516 485 485 505 488 505 558 518 483 547 500 496 522 492 479 535 524 504 465 484 500 493
518 487 503 483 515 486 500 496 557 483 521 541 500 496 518 507 507 483 493 515 496 500 485 547 463 454 520 506 487 500 493 526 475 512 524 476 481 503 530 470 470 519 519 487 486 501 501 518 507 507 483 493 531 503 520 469 495 516 486 486 501 485 501 500 496
514 486 513 487 498 493 515 485 564 477 476 460 514 487 557 519 539 483 500 496 513 487 498 493 551 449 468 487 521 515 485 485 499 588 412 446 465 484 504 530 550 573 523 503 478 511 491 490 616 483 505 589 580 554 566 576 565 532 468 485 517 498 519 503 482 514 487 534 485 485 467 508 500 496
515 496 485 537 509 521 516 463 488 484 506 532 505 470 468 500 537 463 463 498 536 507 483 520 524 509 509 476 476 519 492 482 573 428 452 486 512 535 558 518 483 482 482 452 452 483 500 496
518 487 503 483 514 486 485 500 496 568 519 518 552 553 483 447 481 500 534 483 472 505 488 500 496 463 484 519 491 511 468 494 493 517 500 496 524 492 500 476 500 496
518 487 503 483 515 486 500 496 558 538 538 522 522 483 530 506 520 518 507 507 483 493 524 456 484 497 498 497 497 478 477 500 496 518 483 487 463 524 482 484 497 498 497 497 478 477 500 496 518 483 487 463 524 482 484 497 498 497 497 478 477 523 502 503 478 478 520 490 483 462 514 487 494 514 497 500 496
515 484 499 513 487 498 493 568 450 472 491 510 432 553 525 527 500 504 474 478 519 503 482 596 483 521 569 551 526 499 474 518 483 461 500 496 513 487 498 493 524 509 477 509 477 511 490 531 471 504 470 604 483 512 557 500 496
516 485 513 487 498 493 515 485 564 547 500 474 473 582 419 438 457 491 510 529 548 567 500 496 513 493 487 541 483 511 500 500 496 565 436 455 474 497 516 535 526 483 511 510 500 496 514 487 496 529 483 467 502 575 483 510 531 553 563 558 568 500 490 520 490 483 462 511 490 520 481 509 509 481 527 503 474 507 491 518 483 461 572 548 524 483 552 534 535 483 508 517 500 496
605 396 424 458 486 506 531 554 590
534 503 519 499 467 500 496 562 513 512 546 547 483 578 519 553 542 567 486 483 550 490 451 463 519 529 519 489 483 526 475 512 523 477 477 508 509 500 496 518 483 494 493 536 483 520 511 500 496 500 491 483 519 491 519 517 483 500 518 526 476 500 485 485 499 514 487 488 564 483 475 487 556 552 541 519 500 496
518 487 503 483 514 486 500 496 557 553 553 522 522 483 500 496 517 506 483 523 503 477 503 524 477 476 508 509 575 426 560 488 469 507 526 441 517 487 483 483 525 476 499 476 499 599 402 429 448 478 561 500 519 542 580 500 496
518 487 503 483 515 485 500 496 568 519 518 552 553 483 550 542 552 483 550 490 451 463 519 529 519 489 483 526 475 512 523 477 477 508 509 500 496
518 487 503 483 514 486 500 496 557 519 539 483 500 496 518 507 507 483 493 515 496 500 485 547 463 454 520 506 487 500 493 526 475 512 524 476 481 503 530 470 470 519 519 487 486 501 501 518 507 507 483 493 531 503 520 469 495 516 486 486 501 485 501 500 496
515 486 513 487 498 493 518 541 560 536 483 520 511 518 488 485 483 515 485 487 518 483 432 464 483 500 496 520 506 483 545 517 487 484 562 439 458 484 518 537 500 496 515 485 483 515 485 500 496 513 487 498 493 531 483 512 461 494 459 518 477 477 508 506 493 494 515 485 535 477 477 508 506 493 494 515 485 542 483 484 533 511 523 477 492 460 520 497 493 482 480 522 478 491 500 496
518 487 503 483 516 485 493 500 496 568 519 518 552 553 483 447 481 500 534 483 472 505 488 500 496 463 484 519 491 511 468 494 493 517 500 496 524 492 500 476 500 496
518 487 503 483 467 470 500 496 590 565 529 551 516 483 536 483 481 479 503 507 582 523 557 546 571 487 483 500 496 523 493 477 524 482 484 497 498 497 497 478 477 500 496 518 483 491 493 518 483 487 463 524 482 484 497 498 497 497 478 477 523 502 503 478 478 520 490 483 462 514 487 494 514 497 497 487 487 500 496
518 487 503 483 515 486 500 496 558 534 510 483 550 518 526 476 537 483 520 512 526 475 512 572 508 483 528 551 522 492 479 500 496 538 483 489 523 483 500 496 517 506 483 537 483 520 511 516 485 485 505 488 505 558 518 483 547 500 496 522 492 479 535 524 504 465 484 500 493
515 485 513 487 498 493 518 483 432 464 483 536 483 520 511 515 485 485 490 538 517 483 519 503 482 518 483 447 437 486 470 483 500 496 519 482 501 500 496 517 506 483 518 482 483 467 522 479 504 515 485 524 477 477 508 506 493 494 522 478 478 507 506 519 503 482 511 491 490 524 485 477 497 515 485 485 499 514 487 532 475 476 504 503 468 500 496 520 490 483 462 517 506 483 524 477 510 477 511 511 523 500 500 478 526 496 474 522 483 509 479 572 513 513 545 545 483 518 483 504
514 486 513 487 498 493 526 474 512 536 483 511 506 511 491 490 534 466 466 508 508 506 506 515 485 485 499 511 491 490 514 497 497 487 487 515 485 485 499 511 483 500 496 522 479 504 511 490 520 481 509 509 481 500 496 513 487 498 493 514 483 475 466 500 496 596 483 521 569 551 513 487 498 493 514 487 488 564 483 475 487 556 552 541 519 500 496 568 483 473 544 526 511 513 483 475 466 500 496 520 481 502 515 485 529 470 470 508 509 558 509 483 522 526 533 515 485 485 499 557 483 510 531 553 563 558 568 500 496
518 487 503 483 515 485 500 496 558 509 508 542 543 483 521 506 480 492 531 469 492 500 496 537 483 520 512 500 496 527 499 497 529 535 483 509 533 483 522 492 479 518 483 488 490 500 496 529 483 490 463 524 482 484 497 498 497 497 478 477 523 502 503 478 478 520 490 483 462 514 487 494 546 497 497 487 487 500 496
518 487 503 483 514 486 500 496 557 553 553 522 522 483 500 496 517 506 483 523 503 477 503 524 477 476 508 509 575 426 560 488 469 507 526 441 517 487 483 483 525 476 499 476 499 599 402 429 448 478 561 500 519 542 580 500 496
539 462 462 499 499 532 496 512 483 468
518 487 503 483 522 492 479 500 496 559 544 520 548 548 483 547 495 476 518 483 487 463 538 463 463 515 515 581 517 483 537 560 520 483 490 455 500 493 483 483 537 549 509 495 476 467 506 520 484 534 472 494 467 508 613 483 513 566 586 570 558 483 488 525 542 545 500 496
515 496 496 513 487 498 493 562 483 432 464 483 536 483 520 511 515 485 485 490 538 517 483 525 503 482 518 483 447 437 486 470 483 500 493 520 490 483 462 511 491 490 578 523 557 546 571 487 483 500 496 513 487 498 493 536 483 520 511 515 485 524 477 477 508 506 493 494 529 487 471 513 514 500 493
527 474 509 503 513 487 498 493 511 491 490 514 497 497 487 487 515 485 485 499 561 439 473 493 516 535 547 483 465 498 517 546 454 473 493 527 513 487 498 493 556 445 464 483 512 531 500 493 513 487 498 493 576 531 512 552 535 483 515 485 485 499 561 439 473 493 516 535 541 483 511 500 569 431 453 476 505 535 554 500 496
515 485 513 487 498 493 562 547 524 483 518 483 487 463 538 462 480 505 523 515 485 499 526 496 474 549 524 524 527 527 483 500 493 513 487 498 493 514 509 483 500 496 540 488 488 477 512 505 500 496
515 485 513 487 498 493 518 483 432 464 483 536 483 520 511 521 493 511 490 538 517 483 519 503 482 518 483 447 437 486 470 483 500 496 519 482 501 500 496 517 506 483 518 482 483 467 522 479 504 515 485 524 477 477 508 506 493 494 522 478 478 507 506 519 503 482 511 491 490 524 485 477 497 515 485 485 499 514 487 532 475 476 504 503 468 500 496 520 490 483 462 517 506 483 524 477 510 477 511 511 523 500 500 478 526 496 474 522 483 509 479 572 513 483 500 496
518 487 503 483 514 486 490 500 496 568 553 553 536 536 517 483 530 503 503 470 470 486 486 518 507 507 483 493 538 462 480 505 523 518 483 465 465 483 483 500 496 517 485 485 505 488 505 518 462 483 483 536 511 483 518 527 483 495 504 522 479 504 530 471 504 470 604 551 525 500 496
534 503 519 499 467 500 496 562 565 529 551 516 483 536 483 520 511 518 488 485 483 538 463 497 519 500 496 518 507 507 483 493 524 482 484 497 498 497 497 478 477 500 496 518 483 491 493 518 483 487 463 524 482 484 497 498 497 497 478 477 523 502 503 478 478 520 490 483 462 514 487 494 514 497 497 487 487 500 496
518 487 503 483 515 486 500 496 558 553 553 536 536 517 483 530 503 503 470 470 486 486 564 542 483 484 533 511 500 496 513 487 498 493 526 499 496 565 483 539 497 521 542 500 496 513 487 498 493 520 481 505 507 481 500 496 513 487 498 493 521 498 508 541 500 496 510 491 545 461 461 456 530 530 507 507 518 483 432 464 483 500 490 498 487 503 500 496
518 487 503 483 515 486 500 496 545 553 553 522 522 483 500 496 517 506 483 523 503 477 503 524 477 476 508 509 575 426 560 488 469 507 526 441 517 487 483 483 525 476 499 476 499 599 402 429 448 478 561 500 519 542 580 500 496
518 487 503 483 515 485 500 496 564 551 522 483 536 483 520 511 500 485 500 496 530 507 507 483 493 524 476 484 497 498 497 497 478 477 500 496 519 481 502 515 485 524 497 483 527 495 510 500 496 519 487 498 493 531 483 520 511 515 485 522 479 504 531 470 470 508 509 544 529 496 505 485 457 526 499 503 475 500 496
515 485 501 513 487 498 493 582 419 438 457 491 525 543 519 503 504 538 493 481 519 503 482 518 483 447 437 486 470 483 500 496 513 487 498 493 514 487 489 500 496 517 487 496 565 483 539 497 521 542 500 496 513 487 498 493 514
526 474 510 519 503 482 547 454 478 498 532 522 479 504 519 503 482 511 491 490 523 511 496 478 515 485 485 499 603 397 426 445 469 488 516 535 569 588 500 496 523 477 488 508 563 437 466 485 514 548 500 496 513 487 498 493 573 483 475 466 500 496 513 487 498 493 538 463 497 519 508 493 493 515 485 500 519 508 493 493 523 493 478 523 477 487 522 479 504 515 485 488 518 483 475 466 500 496 513 487 498 493 515 485 483 515 485 524 477 471 505 491 500 486
518 487 503 483 515 485 500 496 559 513 512 546 547 483 545 519 553 542 567 486 483 550 490 451 463 519 529 519 489 483 526 475 512 523 477 477 508 509 500 496 518 483 494 493 536 483 520 511 500 496 500 491 483 519 491 519 517 483 500 518 526 476 500 477 477 508 506 493 494 500 496
526 474 510 519 503 482 547 454 478 498 532 522 479 504 519 503 482 511 491 490 523 511 496 478 515 485 485 499 603 397 426 445 469 488 516 535 569 588 500 496 523 477 488 508 563 437 466 485 514 548 500 496 519 503 482 534 466 466 508 508 506 506 515 485 485 499 569 432 456 475 505 524 543 500 496 522 479 504 529 485 505 471 499 529 500 517 472 508 493 493 523 511 496 478 515 485 485 499 573 427 446 474 493 527 547 511 491 490 584 416 435 458 481 504 527 550 569 520 490 483 462 526 496 496 475 510 515 485 485 499 532 469 469 508 508 523 502 503
533 483 496 471 468 518
518 487 503 483 514 486 500 496 557 519 518 552 553 483 500 496 517 506 483 523 503 477 503 524 477 476 508 509 575 426 560 488 469 507 526 441 517 487 483 483 525 476 499 476 499 599 402 429 448 478 561 500 519 542 580 500 496
518 487 503 483 514 486 500 496 562 439 458 481 518 537 527 496 513 487 498 493 521 483 521 503 482 511 483 549 509 500 496 525 487 498 493 514 487 496 565 483 539 497 521 542 500 496 514 487 496 529 483 467 502 575 483 510 531 553 563 558 568 500 490 520 490 483 462 511 490 521 481 509 509 481 527 503 474 507 491 518 483 461 572 548 524 483 552 534 535 483 508
518 487 503 483 515 486 491 500 496 559 509 508 542 543 483 545 519 553 542 567 486 483 550 490 451 463 519 529 519 489 483 500 475 512 523 477 477 508 509 500 496 518 483 494 493 536 483 520 511 500 496 500 491 483 519 491 519 517 483 500 518 526 476 500 477 477 508 506 493 494 500 496
518 487 503 483 515 485 500 496 558 509 508 542 543 483 521 506 480 492 531 469 492 500 496 518 483 487 463 524 483 488 459 500 496
521 497 497 479 479
518 487 503 483 514 485 500 496 559 509 508 542 543 483 447 481 500 534 483 472 505 488 500 496 463 484 519 491 511 468 494 493 517 500 496 524 492 500 476 500 496
514 486 513 487 498 493 573 428 447 466 502 522 542 562 500 519
534 503 519 500 467 466 500 496 566 565 529 551 516 483 536 483 520 511 518 488 485 483 514 485 500 496 523 483 487 463 524 482 484 497 498 497 497 478 477 500 496
557 464 490 442 514 531 514 486 500 496 525 493 510 491 476 515 484 485 500 496
518 487 503 483 514 486 500 496 558 519 539 483 500 496 518 507 507 483 493 515 496 500 485 547 463 454 520 506 487 500 493 526 475 512 524 476 481 503 530 470 470 519 519 487 486 501 501 518 507 507 483 493 541 483 500 496 513 487 498 493 521 498 498 480 480 550 518 526 476 518 488 485 499 514 487 488 564 483 475 487 556 552 541 519 500 496
534 503 519 499 467 500 496 562 513 512 546 547 483 578 519 553 542 567 486 483 550 490 451 463 519 529 519 489 483 526 475 512 523 477 477 508 509 500 496 518 483 494 493 536 483 520 511 500 496 500 491 483 519 491 519 517 483 500 518 526 476 500 477 477 508 506 493 494 500 496
518 487 503 483 514 486 500 496 558 483 521 569 551 500 496 517 506 483 530 503 477 503 524 477 476 508 509 575 426 560 488 469 507 526 441 517 487 483 483 525 476 499 476 499 599 402 429 448 478 561 500 519 542 580 500 496
518 487 503 483 515 486 500 496 583 553 553 522 522 483 500 496 517 506 483 523 503 477 503 524 477 476 508 509 575 426 560 488 469 507 526 441 517 487 483 483 525 476 499 476 499 599 402 429 448 478 561 500 519 542 580 500 496
516 485 513 487 498 493 515 485 555 465 459 449 445 506 506 540 540 527 500 500 474 473 525 497 497 475 492 476 492 476 515 485 485 499 556 541 483 503 528 500 496 513 487 498 493 525 497 497 475 492 476 492 476 515 485 485 499 561 541 499 483 527 500 496 513 487 498 493 530 482 472 470 482 516 516 500 496 513 487 498 493 529 502 499 475 472 519 486 489 482 583 417 568 450 470 496 516 550
518 487 503 483 515 486 500 496 557 519 539 483 500 496 518 507 507 483 493 515 496 500 485 547 463 454 520 506 487 500 493 526 475 512 524 476 481 503 530 470 470 519 519 487 486 501 501 518 507 507 483 493 531 503 520 469 495 516 486 486 501 485 501 500 496 524 500 476 504 486 518 507 507 483 493 518 483 487 463 500 496
518 487 503 483 515 486 491 500 496 568 531 531 518 518 483 525 495 476 518 483 485 475 521 479 479 503 503 524 476 507 480 500 500 493 518 483 478 479 500 493 518 506 487 481 498 525 495 476 550 518 526 476 522 495 495 478 478 500 496
518 487 503 483 515 485 500 496 568 483 496 531 549 522 514 487 522 510 495 478 500 496 515 485 537 464 507 500 495 558 537 537 522 522 483 516 485 484 493 538 513 462 497 478 551 516 516 496 467 467 450 450 540 540 496 518 491 483 541 459
518 487 503 483 515 485 491 500 496 558 509 508 542 543 483 578 522 548 546 483 550 490 451 463 519 529 519 489 483 526 475 512 523 477 477 508 509 500 496 518 483 494 493 536 483 520 511 500 496 500 491 483 519 491 519 517 483 500 518 526 476 500 477 477 508 506 493 494 500 496
515 486 491 513 487 498 493 517 483 432 464 483 536 483 520 511 515 485 485 490 538 517 483 519 503 482 518 483 447 437 486 470 483 500 496 519 482 501 500 496 517 506 483 518 482 483 467 522 479 504 515 485 524 477 477 508 506 493 494 522 478 478 507 506 519 503
518 487 503 483 515 486 500 496 568 519 518 552 553 483 521 520 553 542 567 486 483 550 490 451 463 519 529 519 489 483 500 479 512 523 477 477 508 509 500 496
518 487 503 483 515 485 500 496 559 513 512 546 547 483 545 519 553 542 567 486 483 550 490 451 463 519 529 519 489 483 500 475 512 523 477 477 508 509 500 496
518 487 503 483 514 486 500 496 557 530 530 483 500 496 518 507 507 483 493 515 496 500 485 547 463 454 520 506 487 500 496
534 503 519 499 467 500 496 562 565 529 551 516 483 536 483 520 511 518 488 485 483 562 439 458 484 518 537 500 496 518 488 479 533 468 487 521 515 485 485 499 579 421 440 466 485 514 531 500 496 522 479 504 534 467 487 534 483 508 517 500 496 522 483 506 510 498 557 557 592 591 519 503 482 514 486 489 482 511 490 518 477 492 460 520 497 493 482 480 511 490 491 500 496 534 487 498 493 511 490 500 496 520 481 502 515 486 491 541 483 516 493 460 500 496
518 487 503 483 515 486 500 496 558 509 508 542 543 483 521 506 480 492 531 469 492 500 496 515 494 478 523 477 492 460 500 496 533 499 487 489 500 496 517 506 483 537 498 508 477 500 496 517 506 483 537 483 520 512 516 485 485 505 488 505 558 518 483 432 464 483 500 496 574 553 553 536 536 517 483 514 483 500 496
518 487 503 483 514 486 500 496 559 538 538 522 522 483 518 483 447 437 486 470 483 500 496 517 506 483 545 517 494 456 519 503 482 527 440 463 482 516 535 526 483 511 510 500 496 518 488 485 496 527 474 494 507 499 513 487 498 493 521 491 496 564 462 456 447 444 503 503 537 537 500 496
515 496 485 566 518 552 518 553 554 483 523 483 477 488 480 550 518 526 476 516 485 490 491 526 499 475 501 523 477 507 477 507 500 493 520 490 483 462 511 491 490 536 485 486 513 483 509 515 485 485 499 561 530 529 517 483 511 491 490 534 466 466 508 508 506 506 515 485 485 499 518 483 475 466 541 483 511 500 526 499 475 501 500 496
518 487 503 483 514 486 500 496 557 512 546 547 483 500 496 517 507 507 483 493 515 496 500 485 547 463 454 520 506 487 500 493 518 526 476 500 496 524 494 477 524 494 494 476 500 496
515 485 491 513 487 498 493 515 485 542 483 432 464 483 536 483 520 511 515 485 485 490 538 517 500 496 518 487 494 564 483 475 487 556 552 541 519 500 496 517 506 483 518 482 483 467 522 479 504 515 485 524 477 477 508 506 493 494 522 478 478 507 506 519 503 482 511 491 490 524 512 496 477 515 485
518 487 503 483 514 486 500 496 557 519 539 483 500 496 518 507 507 483 493 515 496 500 485 547 463 454 520 506 487 500 493 526 475 512 524 476 481 503 530 470 470 519 519 487 486 501 501 518 507 507 483 493 531 503 520 469 495 516 486 486 501 485 501 500 496 524 500 476 504 486 518 507 507 483 493 518 483 487 463 500 496
518 487 503 483 515 485 493 500 496 558 509 508 542 543 483 521 506 480 492 531 469 492 500 496 537 483 520 512 500 496 527 490 497 473 564 542 483 509 533 483 522 492 479 518 483 488 490 500 496
